image_id,mean,std,min,max,range,skewness,kurtosis,max_slope,center_of_mass,area,fft_1,fft_2,fft_3,fft_4,fft_5,fft_6,fft_7,fft_8,fft_9,fft_10
-LiMpCaA24H9MjEXOVk0.-LiMpKyjdotKO7FGl0BA.-LiMymF5piukCb3-bLxl,-2.5640419,1.8117929,-5.906996,1.2942867,7.2012825,0.49244189262390137,-0.62949324,0.07470262,965.7180668857732,-4898.518389026324,1173.305,163.33586,1614.816,1194.0038,365.0897,342.63495,370.94156,195.16483,216.01752,73.02735
-LhKVtvaBGb1puFWOmgR.-LhKW39s7wkxN44JF0MW.-MHPxbba-Z5710iO3Td9,-0.5969515,5.501888,-10.476622,16.143631,26.620253,0.883253812789917,1.1006007,1.0426805,-370.036687667098,-688.6451416015625,1627.3715,2955.7468,2428.9766,1156.8484,688.7538,543.94604,289.35324,244.68604,162.00842,176.77487
-MfqQk9rlT3xf39lOVf8.-MfqQznhrKIfXEo5_v3e.-MlUFYxxTal0uM70vCHJ,1.4987893,3.6417205,-4.626318,9.860236,14.486554,0.23935383558273315,-1.0710645,0.15605235,496.4332879331592,2584.8720703125,619.19806,360.1863,4042.3188,983.41943,976.4969,389.73083,396.56384,598.40845,62.357002,279.1421
-MpuPGPaG14m06m5GGV6.-MpuPNQdloC_xZ0ixJc9.-MpuPTec_LSCCg9hQeh9,-5.9328904,8.073906,-21.424654,5.9908085,27.415462,-0.36253973841667175,-1.2115922,1.3292551,254.13510899493386,-2951.0859375,1504.3677,693.9856,2138.4868,239.93103,713.70874,358.34683,54.177742,119.116714,295.88678,68.957466
-LkStkgOz4aCQplRjDVI.-LkSu-v9GyFDvJPWbbAu.-LrNJIHi8YkYnNuVuJ3r,0.61450386,1.6081926,-2.2590487,4.637919,6.896968,0.24365034699440002,-0.5754914,0.14076018,1011.4539135593543,844.7667150298754,450.22314,1140.4624,266.30237,550.365,442.88147,349.8693,230.1555,184.36296,260.20264,159.91884
-LilnSmSyM-6usWD64ZZ.-LilnfIIotZ2luAuWpsh.-MOf7yjM27GzIdmytBip,-3.5886903,5.9801135,-16.02778,8.034125,24.061905,-0.06548255681991577,-0.75420475,0.9470432,1381.4421073296971,-9619.705915013948,6243.6094,4558.876,2967.9158,4787.0513,4873.341,2030.123,1326.6614,1153.9437,487.6346,1196.4158
-Lc_d-g4yyU44NLZYjLv.-MJWHNNHax2kwaFP9i63.-MWTk0Nd7LXbS2-ziByx,-0.8111538,2.5680656,-8.247852,2.3586173,10.60647,-1.1729114055633545,0.6990609,0.667522,-87.17398879048427,-668.9694522619247,1232.5403,434.07935,383.26978,310.7135,202.94327,172.31151,304.99078,138.66885,105.940926,127.82514
-LzpOhLU89jIhcizMvjA.-LzpOsIXYS1G9UI5k1xA.-M1P_BlLZBtauS2InEB-,0.09330607,1.1260569,-3.0608833,1.7691743,4.8300576,-1.3911030292510986,1.4153562,0.10229818,-271.7307477018796,76.99343872070312,314.7013,176.46454,310.63806,365.29172,172.19212,20.376144,10.093065,68.57154,40.204876,22.370155
-NWaV80rB-4xKmVJVsyV.-NWaZJf0SrfcpEeGHAEa.-NYwGzeoFTcOiBNCuuBy,-0.1249739,0.71752006,-1.3321061,1.3934662,2.7255723,0.2802998721599579,-0.934705,0.040317953,-109.85940671951116,-149.09076715012392,200.71187,80.75637,534.80884,107.59138,75.6656,95.56644,16.583757,27.658653,31.733612,27.842165
-NLQ9ArLNPOU5ZK1WO0d.-NPvYMrvoe8cuuy6-iDx.-NV44rPNRmXnrJ0v-c-S,-0.40464738,0.65295076,-1.6596396,1.0610188,2.7206583,0.4478970766067505,-0.41348767,0.058556855,401.37923518731833,-253.60285231967768,126.18004,132.26749,177.57755,121.207695,47.821304,4.041817,7.5497756,15.755449,26.336897,18.41725
-N2L5E4vNd0BYiMZcEJi.-N2L5K0vZP35WS4HIpqr.-N5iMvNLtP4XKQ3125se,0.40986863,1.6292008,-1.9532791,5.359846,7.313125,0.8193685412406921,0.31387258,0.08550787,826.6530476517133,667.5468767186006,686.0921,708.7011,1031.5153,998.9849,485.49527,247.77501,43.638557,277.30063,128.6915,226.0108
-M76qN-Y4qB-ndFVJQyO.-M76qgEYnhDG9ZrB6Og6.-M7vghmDgvJfBeL-Q9lO,-0.7578656,1.9934473,-4.240791,3.2794194,7.5202103,0.246980682015419,-1.0831269,0.073534906,1341.769871940891,-1624.6509796182315,1622.081,710.7632,1836.4967,498.03687,1336.8336,472.22485,274.78604,278.3292,146.71587,56.496063
-LeLWB-dy351dCB87ylW.-LeLWXTFsi6ThQOgC5vm.-LeLWtsziF3R6LiiIqvZ,0.6779785,3.4086742,-5.914589,9.880119,15.794708,0.5030832886695862,0.19589067,0.14522839,1335.696928380983,1544.0809935107827,873.8732,3041.391,3951.786,1821.9415,368.70132,348.46518,625.7971,350.5648,178.30188,243.3837
-LceKoJLHb8IoImrI10u.-LceLGShBo4OlOGC-9af.-LnCLtC28l4rM-fyM1Um,1.2354038,1.3947154,-1.4081205,4.2042847,5.6124053,0.12983271479606628,-0.5811577,0.07793087,715.7088968213956,1579.236572265625,978.52606,170.27751,457.93024,411.2224,331.3516,242.18044,157.093,138.21178,73.81219,25.468103
-Lhi_hQB4d9hP668bC18.-Lhi_pFqfsm7Fzt3bPH5.-MRxdGz0F8O-Wnn7c1pW,-0.65471745,4.9384856,-11.983254,7.6101007,19.593355,-0.3057655692100525,-0.51817226,0.14648986,1264.337823758343,-1498.8955078125,601.44147,2887.8694,4697.22,5571.4404,530.65704,975.40454,480.1693,766.44836,277.6107,173.94826
-N5Ex_wTi09PJr4NM0tK.-N5Ey-2ybtGwNm1dXOdE.-NFDYbpAgXzZqtS8ezZu,0.5836943,1.6091661,-3.1137633,3.4097352,6.5234985,-0.17362219095230103,-0.5017295,0.06433457,877.3201637970176,774.3130253950754,884.38934,480.66336,1040.7296,153.89542,345.3272,78.61007,105.31756,24.217686,73.654434,21.419014
-LeGC3EwPfb82NnUGMCl.-M9N9tvEz5XJvKf9pBur.-MHu0mll7iDK-SiEBmR4,-0.46105945,1.767981,-4.406432,2.4738884,6.8803205,-0.2601124346256256,-0.803123,0.15774715,-252.51685975630548,-504.9827742899458,1056.54,72.84347,659.11224,122.63888,313.40775,272.9887,236.39482,158.75027,146.21259,26.522045
-LkTWPSUPaZttsFxZy7D.-LkTX-0DF7gBqq41BENg.-LkTXGAuUiw6EDpvFX5a,1.948578,4.445872,-7.412345,10.1577425,17.570087,-0.3343546986579895,-0.8224218,0.29545534,2706.370716877375,7378.076171875,5131.7007,4172.8057,3390.6685,8147.0737,825.00165,1200.0046,1164.556,2799.912,65.581085,1097.555
-LhA7iwTeQapDTyS-SYT.-LnCO19dr8OUeTrjNHv2.-LrhKYcF5pE2haUdKCgL,-0.9104779,1.7222217,-4.6958547,1.9422554,6.63811,-0.06110174581408501,-0.8699384,0.07073164,1212.6244164928369,-1437.405188759168,1433.3495,579.73236,751.7932,219.34943,573.89966,492.6763,203.1492,127.403,24.32834,209.43958
-MzUJvOKRuGJTZFQOYOA.-MzUK8z-9fohlmlYvOFu.-MzUKEZ6rF-Vi2f-008u,1.0675558,4.2689757,-4.398618,20.842386,25.241005,2.5570170879364014,8.485686,0.51662445,1155.235620387748,1928.6017357905705,1301.1162,173.5058,3313.3953,1990.705,1696.1724,1278.5848,1717.6512,1225.5527,1181.9016,939.4775
-MbuPuAA88LtcDAuPoiZ.-MbuQ1CymRsvvqpp-z8D.-Med39eTJJ9JksGbTuvq,-2.6892612,1.9011554,-6.525932,0.5854596,7.1113915,0.0006434477982111275,-1.1343627,0.107711315,827.549041233749,-4139.19873046875,1637.1965,493.82983,417.502,808.14935,505.24664,210.76242,61.721016,387.06955,104.17323,122.70574
-Mqx8Ysk77qLkwt2-z5c.-NGQayjFESaXMkeTPbzQ.-NGQb6IftbbXndImc2-h,2.2084115,1.3916812,-1.0443733,5.310267,6.35464,-0.2619367241859436,2.336502e-05,0.072803974,431.71541664620565,2226.363322814306,724.37573,246.52971,519.7653,252.2581,171.53812,64.632774,102.43213,113.3102,69.536125,41.601055
-Lo-ZdmJv-0kZM8lyXUX.-Lo-Zkh6JwG9iAYZb3U7.-Lpc2BpsyEGX4afcAEyK,-1.9845773,3.0039792,-6.002593,6.348058,12.350651,0.7473565340042114,0.061645985,0.3469894,345.70565305583534,-1612.3785557746887,213.1079,287.2295,1539.8833,350.5143,368.09106,302.65097,226.56467,126.736664,116.56289,137.13942
-MRUA729OiKXXyHBgHAJ.-MRU8BEsz4ELk9LiGR2N.-N3TPrQfGrDIErQrGRSS,0.95326394,3.2306175,-5.785373,8.524025,14.309399,0.040421485900878906,-0.2372415,0.2624606,1139.0092161614582,1400.2919921875,1218.3228,1144.9075,2147.9482,1199.2615,838.42267,705.99274,854.3428,235.23721,393.44446,391.33212
-LckAABpAjMnqZs6ghDo.-LckAEql7gylA9q_FGmU.-LckAQh_7Qk2gFWm_XaH,-0.13051544,0.9557727,-1.9776608,1.8454326,3.8230934,0.2989240288734436,-0.74969673,0.068371356,616.1982816186883,-130.12062072753906,609.72406,116.82941,188.164,170.97003,58.136227,91.977875,18.971043,23.628414,37.12203,21.260149
-Lp2huafdo4jPXGvgsp2.-Lp2i-WPb4MYcsc7dHYA.-M-TnKSYEQRyPVgU9Cb6,-2.037233,3.1233537,-9.452327,3.6493428,13.101669,-0.5556044578552246,-0.16865659,0.1462264,723.541147360898,-2561.92333984375,823.764,506.6488,1450.7373,1939.005,562.54553,721.0137,171.99753,31.54229,114.8831,91.34641
-MgPSdLgBgT6DsVSYvSf.-MgPT1uata4LohMkhJH7.-MzJeG7HXmpdgzTe-g1Q,1.4802585,0.9864422,-0.29063696,3.245876,3.536513,0.20672820508480072,-1.0985534,0.06886572,609.7676022789087,1412.2132568359375,528.24744,262.77136,69.15133,191.77017,160.81831,59.351048,87.846,67.45479,85.18792,36.8325
-NIH2HinHYG9ws1fcxVo.-NOiIXrq67ptRalWZMHB.-NjHfH6N8FT4dWNvALWM,0.2825242,0.6940407,-1.2385873,1.6914079,2.929995,-0.08745884150266647,-0.44037318,0.107287236,243.7658677098454,151.102783203125,149.84715,131.00699,100.97044,113.971016,49.54813,49.509903,11.109824,34.52913,15.0675745,12.485503
-LoP7_n5ROEawdOTAeDN.-LoP7y1mZ9A1bOMfEnJ1.-LrrqzNLpvakeVZaWw5v,0.54127467,4.0059214,-6.631102,12.142872,18.773973,0.8993281722068787,0.7032273,0.10228181,634.6242131787501,1639.6142578125,4186.266,2318.8696,6458.89,1281.0209,1534.9131,701.813,1623.0946,630.25366,669.66956,499.09897
-NEeQl-tiJlUCbVlHUzo.-NEeQpvuMzuamdikvgm5.-NEeQte8cSxyrn1G15RB,-0.12881781,0.7885656,-1.6628665,1.4272884,3.090155,0.12343951314687729,-0.79952765,0.06461802,-73.1578694332294,-105.45088958740234,306.09363,262.99304,158.48111,137.10542,7.727982,40.617123,9.344224,50.988876,32.347305,3.9186103
-LkXdHJF83_HuTFp1rKX.-LkXdNOQzzEmDdZ3ixjQ.-LnkrkV80wRW8dyjwhDS,-2.9698672,2.3741064,-7.5358176,0.7624088,8.298226,-0.1527475267648697,-1.0947711,0.11948216,315.88506178434716,-1812.9954833984375,847.5796,458.95,278.41592,160.94168,135.29692,13.944194,34.31099,49.244686,43.46591,28.715706
-Lviq474uMA__lfL-_Qn.-Lviq6hRLMv6-SY46ixr.-LviqN3I8SMT5RP6bv-i,0.30120558,2.5966754,-4.659865,6.929152,11.589017,0.34011754393577576,-0.10029602,0.1755482,1003.7240477832917,404.2497625350952,1543.4579,964.2157,806.1391,915.755,519.4905,1028.2754,149.22253,212.11407,106.21634,87.992805
-NVTRcHI_DN0HFIB-rIF.-NVTRfAHONk1dEPs4Aue.-NZ0Q-8OHbg_ePgUjr7n,2.1560268,2.2237551,-1.1707687,6.7502418,7.9210105,0.13774974644184113,-1.053459,0.07569057,498.4866008229503,2073.098388671875,1344.5691,167.11165,315.45694,541.103,125.82546,152.66946,9.870769,61.13775,92.928566,39.35591
-MZRqkKGx6CZllvdMAjs.-MZRqmsczNqUk4DCLkJp.-MZRqrNc3vSvlI2q6HNf,5.4142594,2.3366797,1.8961117,11.849003,9.952891,0.605153501033783,-0.37573767,0.1917181,665.3750655539704,6550.5546875,1403.8672,1159.2479,597.5414,231.86171,196.97278,225.39792,274.86493,149.93701,118.71097,93.04971
-MYi7zRYMQ0Kilz5luEH.-MYi81LZbNwySbneLNcl.-MkB7lJyw-oV1gYk1lRd,23.920689,8.763462,7.2645483,38.601665,31.337116,-0.09043122082948685,-1.0586689,1.7998123,629.2016533519163,30931.50467332204,3887.2273,4590.3525,4087.6335,1131.5005,2242.8567,315.70822,587.22253,385.59613,1211.2845,406.49597
-NEjH4H3wlUfzclWWMcB.-NEjHA04vJZQ1xLMq0JL.-NEjHE9ScN0Wu_GJuz6U,-0.2729442,3.1332648,-8.544064,5.9067063,14.450769,-0.5201440453529358,-0.1313715,0.36286592,2361.692180151437,-579.3585921923319,1395.3052,1012.6105,3909.0933,1455.1997,398.40866,608.15063,470.04877,216.92097,209.33658,358.52512
-MmRnQbZKoveLuMy4_kx.-MmRnVfOzlKxBmikbd0J.-MmRo6PnZ4FXpCV4exRd,0.6517698,1.7728575,-3.0854006,4.8380184,7.923419,0.05658411234617233,-0.4934845,0.2169559,1503.6760055527022,1506.5611994961898,938.1591,903.5438,1717.8783,293.13272,807.1005,1152.2594,429.60092,294.3101,1017.6652,187.53836
-MA56BG2c9WCCqXTUYo1.-MA56TfyvDcsXyjvAONm.-MA5D3zh5fMfhcatXL7-,-0.5749388,1.7533864,-3.3924701,2.7308679,6.1233377,0.23663096129894257,-1.256115,0.07393176,516.9008745567455,-889.4788189729055,366.55673,248.30316,1663.578,456.7292,326.2024,482.65533,60.434574,33.45345,286.74548,155.2985
-MvTDGRvKsfdLvkUh1-u.-MvTDLdTz5fyzdfcMokj.-MyM3OJzlxntl_mztE9p,0.6934225,1.868763,-1.5759621,6.078577,7.654539,1.328499436378479,0.892555,0.43464255,38.573335327874126,458.9005508774426,349.65808,318.12616,515.16296,420.93298,169.61557,118.68359,80.73719,115.09063,102.665245,83.4484
-Liq_w4K5UDKsni46WKd.-MIJ9YxhIJhizHAqd-nT.-MM_7jV7cEHkqQxcJIK0,-0.5964612,2.1464856,-5.464658,3.5518444,9.016502,-0.27867555618286133,-0.18109345,0.112079024,346.7801046587408,-1084.3927622636159,2142.347,1018.4705,741.19666,954.67,303.9069,175.66708,312.9168,159.02512,126.96266,348.07498
-LsVlMLffp0SgAp0tEX8.-LsVpvvNc5iRCKfLMuPm.-MMK1DBrVuR1H0zaHynA,0.37440056,4.5507627,-7.9326262,12.7769785,20.709604,0.7504153847694397,-0.24144936,0.12053585,3398.806815897875,1083.6193313995998,6460.533,4832.833,549.647,2628.9956,2346.4065,1482.6963,977.75244,1399.5803,261.21124,1376.6251
-LhEkQ3kcnrIjTdOC5oJ.-LhEkiUlQyvSJfVkXxSZ.-LhEmIQ9EdQ2soeleI3O,-0.0052368767,0.6811971,-1.1153059,1.8351327,2.9504385,0.8247839212417603,0.36251712,0.039510846,-7689.027788582233,-5.924581050872803,302.82153,89.99958,395.81522,182.14835,97.9889,58.166706,60.45282,50.12763,49.008224,33.425316
-MVLBpOft-7dIzSb0eE6.-MVL9sG3L9Tl0zezSfHG.-MVLADJH5MyPS_xKd4uD,1.0929502,3.501193,-5.648173,9.802586,15.450758,0.3942136764526367,-0.0876441,0.14884487,2219.249701235259,2737.84930841128,4361.0747,1039.5453,2421.439,2530.0464,1123.7601,353.20642,1101.5327,1356.3206,958.2877,552.31464
-Njqgo_HorjBBm7OGLVj.-NjqgzLDG6iMDTN14d7n.-Nm5I8VJSB9bMokvubLK,-0.048410613,0.80996144,-1.7543982,1.6342782,3.3886764,0.22052878141403198,-0.43440127,0.06596708,-318.17281923386776,-38.92283248901367,287.42166,177.27771,295.609,90.87809,83.59332,29.447704,17.195541,18.827871,16.039913,19.032362
-NVTRcHI_DN0HFIB-rIF.-NVTRfAHONk1dEPs4Aue.-NXj4wBSyjEy3_fYRiBC,3.919781,1.8942431,0.3556703,7.850797,7.4951267,0.2417180985212326,-0.5964706,0.08725202,567.8490212131592,4096.006536444028,959.41534,744.0262,79.444984,556.4334,340.0011,55.448833,111.25068,136.96805,24.06229,85.3986
-Liq_w4K5UDKsni46WKd.-MIJ9YxhIJhizHAqd-nT.-MR4IbKM5MfzB6Pu3Fwd,-1.6907579,2.7872357,-8.879656,3.9579432,12.837599,-0.3640536963939667,-0.68218946,0.26646736,1268.6974431682186,-4333.827969054381,1655.3091,1675.1115,3235.4768,1727.9078,465.80814,870.0326,1383.2394,684.2799,993.00586,379.12408
-LvtsokQOmZVI1tAvlKh.-LvtsusiOAwfmfxPvx2v.-LzBmwxx9isG5-xw7d_2,0.29874337,1.6657782,-2.5641062,3.3143697,5.878476,0.1395178884267807,-1.0349774,0.083180785,-66.64242088504525,189.01998901367188,322.10822,643.368,211.82935,50.49958,32.459312,69.5121,28.030685,31.679932,6.5583515,16.420256
-LilnSmSyM-6usWD64ZZ.-LilnfIIotZ2luAuWpsh.-MzORCbZXHczsMNj5VZy,0.21451111,1.5030894,-2.540406,3.1140373,5.6544433,0.045948900282382965,-1.0248096,0.086664796,1340.191385576842,535.641357421875,178.99075,825.75287,1919.484,683.41235,1050.893,685.02484,228.20905,224.21425,291.6519,139.01724
-MJB4GdKwPjYzk2Jc6BO.-MJB4SEPgZJWGvv-xsDg.-MMoLmpbA_cT7gg16HyI,-0.21225657,3.8039196,-6.90519,11.772629,18.677818,1.085316777229309,1.3168797,0.36831856,-5418.2848485381655,-575.0120849609375,3855.395,932.31274,498.7624,4464.2817,1882.753,1565.9794,1918.434,2177.888,178.57568,954.4811
-LiHdzI8lpqzkkuRhCf4.-LiHeFL-BtOWv8dfGtAP.-LiHeQaRq-GrCgxO6qec,1.2302577,1.5182366,-2.2656236,4.637807,6.9034305,0.016108063980937004,-0.06145525,0.13473447,332.55481024541484,1334.3544921875,807.91595,148.07079,694.76355,270.19562,75.82643,270.6611,125.357376,73.22026,90.76493,36.61864
-N2Ajl6_8RGCd6aajyRP.-N2Ak5BkHAg3tBUGAO6a.-N2AnsMZvud11XgAFM7F,-0.41076392,1.5903051,-3.6857414,2.0316465,5.717388,-0.2710641026496887,-1.1095861,0.41555303,1204.8936806834738,-667.95751953125,524.73724,471.09198,1201.7175,701.85114,394.08878,748.6672,257.062,61.70708,114.00517,148.29884
-LsVlMLffp0SgAp0tEX8.-LsVpvvNc5iRCKfLMuPm.-M1UMUVjCtuIrtmgniTA,0.5946801,1.2242429,-2.0030951,4.640397,6.643492,0.5973045229911804,0.76577187,0.08740139,1138.4882495809106,1112.7569947242737,279.83838,797.28503,910.3578,718.2205,285.98596,426.73126,202.32613,248.56544,353.0295,154.57965
-LiwNz4d8mC__1rTnobq.-LiwOI-BLN4rAb_hEfTA.-LiwOiZKJiTcZ5I_oPEb,-0.99117833,1.6276535,-5.138111,2.5868726,7.7249837,-0.45792776346206665,0.54236245,0.11690539,636.5125849049443,-1178.5806884765625,474.48502,83.419586,981.6095,518.9714,572.0839,206.58577,60.180904,141.35602,75.537506,85.84395
-LpbEwSGv0-3NvLvZYNG.-LpbFBnTf2RC65JpoeRo.-LpbH11w3oRxHjb6WJXU,-3.6779792,2.0863075,-7.969079,-0.010942797,7.958136,-0.35512813925743103,-0.7401781,0.11394167,471.94008866622454,-3766.253850618998,508.22717,266.49817,1176.5892,680.5919,225.14522,153.36346,130.05579,54.932045,120.72119,21.390654
-MB36N6_Jo_H_Xp9V7-e.-MB37D1yxzolc_ezHl7L.-MeOyuSeEOiEHizu4_AB,1.447163,2.416279,-3.6247015,8.188861,11.813562,0.44285574555397034,0.65859985,0.099407315,1178.3147310357901,3268.08740234375,852.0642,1518.786,2931.0222,1295.0013,936.27057,204.88069,185.5264,519.62726,430.68976,252.9909
-Lht4CvAFBwTF_xdonEr.-Lht4RBK04XMdlX6y3VB.-Lht9hcuGFoYmZFvSZTl,0.35742694,2.8769865,-6.3896656,5.2971683,11.686834,-0.6112785935401917,-0.39631248,0.10694662,88.25500179853215,889.42333984375,1818.7322,1714.4109,1262.4788,3089.83,1947.1288,1194.8113,756.83185,813.1376,962.35986,446.31473
-MIYBHMBqsEYgBIhlxql.-MIYBPPX58PrebxQ_sCL.-MIYB_ZbLBMegbZ_5RUB,-0.92991155,1.3535357,-3.8881485,1.373727,5.2618756,-0.07439017295837402,-0.76757693,0.058382392,710.9399861676163,-1166.0343105594318,1015.64624,217.86534,171.36754,442.79333,266.32098,113.035706,157.80367,107.2282,75.17759,63.46563
-Lilua2XE74Z18rgZNVN.-Liluj98v9mvUJFCihVY.-LoZzu6egFkOErNfbktG,-0.41595146,0.93681127,-2.0641065,1.9450508,4.009157,0.7221350073814392,0.23716497,0.0715639,333.17873786419585,-341.07489013671875,198.61746,197.5611,429.34262,156.09161,47.477123,35.809505,25.955694,47.691887,26.597488,32.735806
-Lh_4fCwSuZCptBWsQEL.-Lh_4qpE43YfcambEOhH.-LsM9P6n3HpP50CczuuL,-0.38465205,0.908833,-1.8265474,1.4743025,3.30085,0.09301021695137024,-1.0874054,0.05086692,733.49674996521,-454.44085710744065,303.6927,137.66225,558.0959,323.01633,106.78332,167.83827,39.100735,73.292496,42.64171,42.623985
-LeQj-TPGvH957FtD2bG.-M8yBeNzTC-KG_W-VG_-.-M9vj2cyORBuatx8zCvu,-2.671071,2.5031884,-9.382645,0.009592831,9.392238,-1.5629874467849731,1.3401456,0.16806388,489.14139198677043,-2136.951171875,685.3318,748.3144,899.8339,353.3218,188.67862,66.54726,51.205227,46.10785,53.445026,78.508514
-Lj_XnWf-EECq-HeIZII.-LspRtoDewdgQIxqKxmN.-LspSCHWQgkV4RdVhYYA,1.0104524,1.586473,-1.8800442,4.733014,6.613058,0.18623098731040955,-0.51882434,0.23608637,558.0288484079643,906.2243041992188,334.48343,561.5626,638.55676,214.30266,204.92241,193.77484,125.67838,118.71623,111.88041,71.01615
-LjFjYM0cNHLWyTLdPiL.-LjFk5YStuJwLI4Bz11C.-LjFkcJlM8TsbJfRnmo3,-1.4614289,4.401887,-14.06926,7.4860005,21.55526,-0.2579093873500824,0.023344755,0.15665317,1625.6051070805509,-4849.67919921875,826.34644,2209.126,5513.741,6223.2563,4583.001,1955.6246,1245.8456,1362.2334,119.39621,115.37391
-MDUOCOQxnF8TTrtwL1W.-MDUOWcvgwATHaNx9KCx.-MDUOdbZMp1yYh92Mwcn,-0.6793755,1.0016166,-2.670312,1.7496512,4.419963,0.2747720181941986,-0.5149219,0.07559079,973.6262504402138,-980.33154296875,508.75934,436.29474,528.0411,481.39032,57.47369,143.94281,184.78635,80.01999,76.053856,89.8016
-LlBEMo2wsK41U_i4Ff-.-LlBEbuAIaFAvd6Tsudd.-M76biXZTDsxYSj3xjPp,5.2039523,4.317696,-4.4156275,12.880763,17.29639,-0.1914552003145218,-0.83352184,0.19461966,998.6107532184491,9518.4365234375,1804.9315,555.75507,3473.1702,3536.617,912.1005,506.19824,736.78986,653.3928,337.95938,396.2812
-MyknQISWBIoBSvzVT6C.-MyknVVjQ9fzdQtj5pnC.-Myknc9wzXT49vCKZk2B,-2.1159773,1.1082573,-4.175862,0.27057937,4.446441,0.18782879412174225,-0.31201196,0.10261834,424.14718868305863,-1536.329367319743,232.22708,254.07014,398.9077,96.06414,141.36513,118.46336,41.38178,27.095337,29.763258,7.6107993
-MGquYN4lpPSn1Q23ELM.-MLHrXQMnrXPEiOdB7Pz.-MLHtmT-hV1pQ94FMGR8,-0.34661785,1.3043382,-3.3416598,2.634729,5.976389,0.07622982561588287,-0.5232127,0.11000933,654.6234595016928,-746.3912276625633,364.12515,833.4139,649.20105,1157.9269,673.06696,612.6571,225.3294,377.78653,276.25574,385.2925
-MRUA729OiKXXyHBgHAJ.-MRU8BEsz4ELk9LiGR2N.-MXBvfzRTEq-4J45U_JV,-0.87255126,8.33094,-10.867661,23.158049,34.02571,1.048274040222168,0.45864677,0.49971962,1223.0449175116405,-2494.998046875,2940.536,2576.593,7427.4414,12616.385,2163.043,862.88525,4027.2483,3109.4487,2177.5286,1879.7388
-LsVlMLffp0SgAp0tEX8.-LsVpvvNc5iRCKfLMuPm.-MRZW5rZPgZFjyjcL3fO,1.1220682,2.9253194,-7.542869,6.528459,14.071328,-1.0594478845596313,0.9401059,0.11813307,468.52473035620795,2043.54150390625,1625.2162,1335.5441,1199.8135,2369.365,1263.4827,237.62045,737.5639,140.2159,415.4946,512.87854
-N2G3mwfk2QeYyG_USF-.-N2G4IwneT7xXQ02H6xr.-N2G4ZajiYh9fBQTYmqC,1.5925492,2.2582595,-3.382403,6.767278,10.149681,0.12905989587306976,-0.050942898,0.11602867,353.2504334762647,1888.39013671875,1118.1738,756.8446,984.3717,425.03107,722.0019,159.82814,139.76292,161.63783,65.98563,28.645279
-LqAlBMdW0SudzsLML2z.-LqAlFESFzQexx-7wZi5.-Lzpyfh4yaxlnm7Q1eMF,-0.59592867,1.5633267,-4.7408867,2.5387723,7.2796593,-0.6602739691734314,-0.041267395,0.0822562,1969.9756562589591,-2181.39990234375,519.9581,1544.8342,2770.5596,1192.9526,801.61646,1123.9532,725.8141,1013.0026,283.63785,441.10184
-LcjaVAtjdqydGqyIyQf.-Lcjamg6CVTQtyLkNgmg.-Ll6LQWEToG_fczgMfG_,4.2869635,1.8335335,0.5600787,7.878992,7.3189135,-0.04720254987478256,-1.0709467,0.11654544,661.3890393355808,5673.20849609375,1361.9791,539.0753,393.74878,50.978077,705.2777,201.2981,125.47199,136.10405,112.02229,132.21881
-LrIRVq3IK3HG10yEBuK.-LrISdQltvo9B1C3m_ci.-M729lq72hsQf1zFajcv,0.11465067,4.5074744,-8.404532,9.782563,18.187096,0.25265374779701233,-0.7813525,0.24624556,2345.423257263224,101.48266659180324,840.45807,1777.8798,1753.4999,586.79156,218.40733,218.10101,142.92656,102.90468,151.02919,126.77135
-LilnSmSyM-6usWD64ZZ.-LilnfIIotZ2luAuWpsh.-Mn9yX7aZEvQZ-0GGoKB,3.5565999,7.101414,-12.2189045,19.3932,31.612104,-0.10156272351741791,-0.6057527,0.7325363,1577.151890193543,12078.0888671875,1113.5681,6215.1357,14119.49,1321.7238,2781.0164,3596.8132,1925.9352,3017.6067,677.98285,2464.9338
-MITTHrwk0TyeSDPoqb5.-MITTSNguM-glSdoiw_b.-MITTdccvS3HEas94Vjk,-1.4248254,3.1053634,-7.919993,4.0490794,11.969072,-0.5762125253677368,-0.4548757,0.42748052,782.1847367349699,-2212.58154296875,1290.2184,2274.1082,1408.9894,999.9924,1039.7877,188.42688,494.83734,406.5939,92.181694,210.66617
-LiRv59cby4dDJ4r2Pt8.-LiRvJW2y2opdZ5s36FC.-LpXuoLfSfOa1Mcdvzsj,-2.6592743,2.2928152,-7.246661,4.0857234,11.332384,1.0275969505310059,1.1455469,0.12467091,1112.5655075930274,-5068.642578125,1376.9205,547.237,1979.2854,1056.5087,486.69064,982.4077,706.0585,294.98062,466.41357,66.96639
-NWl0jWJFTZ10mK2RPVt.-NWl0qiTmLgUOAwJbfny.-NWl0u_4SMKmbSsTbJ1R,0.7726955,2.1096444,-3.7413838,4.613161,8.354545,-0.24503938853740692,-0.9249377,0.08475852,844.240890500136,1284.858881910642,969.59564,130.28891,1979.019,837.4714,357.5714,425.69968,235.02301,87.28368,195.97281,62.40707
-LhtgDx5KeVU6cU3K9Dh.-LhtgZ-OCWFD-YL8GREj.-Lt3qHiD_PZaCmjXAx_Z,0.79067564,1.7416955,-2.6954253,4.4491124,7.144538,0.4375125765800476,-0.38059425,0.1332535,610.6442603416903,835.2089233398438,716.494,644.41296,583.45807,494.83908,287.54465,173.52507,145.82407,166.94695,133.13486,79.60208
-LsVlMLffp0SgAp0tEX8.-LsVpvvNc5iRCKfLMuPm.-M1UMadW7e7E1Eobjh5t,0.5946801,1.2242429,-2.0030951,4.640397,6.643492,0.5973045229911804,0.76577187,0.08740139,1138.4882495809106,1112.7569947242737,279.83838,797.28503,910.3578,718.2205,285.98596,426.73126,202.32613,248.56544,353.0295,154.57965
-LkXdHJF83_HuTFp1rKX.-LkXdNOQzzEmDdZ3ixjQ.-NmAKF8ojQ1a9lXCeEkG,-0.30681798,1.2459645,-3.0847075,2.3541715,5.438879,0.05779802054166794,-0.3626275,0.08374262,1015.2924754651417,-440.3272399902344,483.87225,242.94357,433.461,882.20166,350.15164,404.35623,184.41078,132.77101,5.8976283,86.69143
-MLCPaVHke5WF47cCC4x.-MLCPgQ3s22FJfFDZztz.-MTeP4ZyZa9Kjl0N_kA9,0.27942327,4.523229,-5.3904123,9.805797,15.196209,0.36781394481658936,-1.3254161,0.23284125,-1360.9042647615186,618.3700561523438,1671.5181,1151.7555,5983.8843,661.6912,1484.6892,1405.4994,1768.0853,551.3852,465.31653,753.2539
-N1D111qf9kQ44Sr83AM.-N1D1Gvm9fdNrEG1kvub.-N1rCY9LWJVWGNNms9YS,-0.70086694,0.5229124,-1.9354659,0.14770018,2.0831661,-0.5683459043502808,-0.30420327,0.05177626,329.1359300726214,-479.6197204589844,110.44727,51.961372,164.0851,129.87688,50.01881,41.153194,22.337252,4.181754,18.186811,6.162878
-MPn8JcRwCez_CwCW6IR.-MPn8UwUQYiEexta7aCr.-MPn8g-hio19gF0jNtOc,0.9918673,1.3762386,-1.5613859,3.8268237,5.3882093,-0.1519942581653595,-0.8998227,0.18742615,395.3879485302058,1017.884033203125,721.53253,219.31752,388.19156,466.20587,151.18141,72.58359,75.08012,62.615387,14.444028,65.73931
-Lulbc87BHgXQt7DhxtO.-LulcCd8pZWeViElszOm.-LulcYAnXXTVAKTxGCkB,-0.4936144,3.7297099,-10.167849,10.803502,20.971352,-0.31255394220352173,-0.10172248,1.1516008,-97.97803374087171,-1812.6396484375,6564.162,1456.7726,3130.4695,4303.6333,2138.053,1056.1553,861.079,1835.0684,1555.2358,1178.1493
-Leujocx_cjh-Ci6MrBu.-Mkq3mZ1iwxn7nz8DqwY.-Mkq3pzrgf7j71zr33ip,0.17055103,3.6874738,-5.632487,8.589683,14.22217,0.7988366484642029,-0.3982911,0.16238034,599.6759880975288,222.310302734375,2900.1812,1049.5703,817.0054,697.6432,316.02444,203.96828,270.59134,361.64026,254.44405,286.04388
-Lh9RSI5kfJNk4ZKrgIE.-LqANWi3OqJMFaOGDPOy.-LqANh1Owm-UwaxYfvO4,-3.2478294,2.095454,-7.038487,0.3390672,7.377554,-0.08048443496227264,-1.2965891,0.418607,1203.4745953482307,-7486.7880859375,1331.2672,1900.4349,1299.0852,1735.0819,101.81363,815.97784,427.13882,361.58023,206.82977,164.98228
-LeLiaV_6NrLdFlMbLi_.-LeLiiv6COUB6rvloOYx.-LeLj-2PYbkmokETQQ6K,-1.4464297,2.5944648,-6.960556,4.045867,11.006423,-0.18433548510074615,-0.052322865,0.08961904,951.4461032167405,-1896.8188681602478,1576.6128,331.7579,1671.1449,257.49838,473.95438,217.91028,190.17894,209.9341,15.031767,54.97691
-Mm2CziuznOBE9LfxL0J.-Mm2D3KjPiosJMr03kbQ.-MwB7xu6ccEx_457BRGS,0.040293377,1.4185513,-2.8383274,2.2709424,5.10927,-0.0907934159040451,-1.0359048,0.053915124,-1382.1307913799496,60.061912536621094,773.0273,196.22586,916.7628,612.9603,447.73404,21.200659,89.279305,78.14669,72.75669,26.917213
-MutmRD5QWP1NfuSyUT5.-Mx9CFHwKWjCYxVN8SVG.-Mx9CN8Dw-LvcxivNqFY,24.987513,11.6473,8.76148,46.291153,37.52967,0.24287466704845428,-1.2341532,0.86180305,327.8350895490668,17300.23007551829,2029.8021,3426.104,2995.8467,2404.4424,627.51434,1095.4546,480.39734,243.85806,270.90167,197.13362
-Lhi_hQB4d9hP668bC18.-Lhi_pFqfsm7Fzt3bPH5.-MG7SI75jpHmbknFaI63,-1.4171258,3.3415656,-6.2874517,6.269732,12.557184,0.5102693438529968,-0.8727479,0.1283462,2576.889748215722,-4200.710655947526,3404.4346,1747.1985,3534.2578,4035.1428,1569.1844,911.875,712.93494,780.67084,127.76692,612.0397
-MJf6y5k6g908m655NSr.-MJf73dM__cSf9eabi48.-MMKputOpXvCljBIPiml,-1.1873499,0.98730576,-2.772053,0.38513947,3.1571925,0.1591741144657135,-1.434629,0.044891268,632.3139930036821,-1547.21630859375,231.84415,396.0071,603.5575,431.10583,98.938385,157.52623,85.93194,68.80671,110.90007,60.32066
-MdWWP1s7V6rMA2nYCSS.-MdWY6Qm3LM1sjcWe_vy.-MdWYq2q9LqQClWHm2u5,0.8650445,3.4684327,-5.9757843,6.28951,12.265294,-0.27130308747291565,-1.0282363,0.14041984,1396.728121262703,1968.6133414506912,623.1783,727.6413,4741.092,2061.7007,921.7371,1246.259,834.3861,408.27994,251.83495,134.25742
-NVTRcHI_DN0HFIB-rIF.-NVTRfAHONk1dEPs4Aue.-NgNHtNJSe76E4qEPqE2,2.0012472,1.7200991,-0.635112,5.796694,6.4318056,0.18876051902770996,-0.8974931,0.13460469,420.2539143228304,2060.6697048942247,509.0591,899.4025,415.98007,476.63232,223.91743,131.18898,128.59056,50.260246,13.438068,44.698215
-M2XdGtY3_J0CKKAcEO0.-M2Xd_-BzHl6EdUcJ2cK.-M2XeI1FRTRheKwJbjoe,-0.05386979,4.1063805,-8.827755,8.696146,17.523901,-0.13324975967407227,-0.56055284,0.27565092,18044.57819748131,-175.853515625,2836.448,1221.3413,7339.9966,1444.7218,1165.1907,2786.4485,1559.7966,624.74207,255.27518,623.09436
-LhdFLzW3R4slzUTPMJv.-LhdFCZ-nAprdI05MSMp.-LhdG2GO9-yZQfyZGTVI,0.20785779,3.3429415,-3.8964205,8.934769,12.831189,0.8594072461128235,-0.11715174,0.20457065,158.55618228812915,418.0421142578125,3057.2947,2184.6023,1848.9287,874.05896,674.1102,1021.70105,384.12216,829.9983,803.1891,701.539
-MlncCIzfvXlSdE6UGOX.-MlncJ6aZgLuy5QVF6mv.-MlndSgxtBNWniYuKUAP,0.6549488,1.5469364,-1.3076718,4.7883935,6.0960655,0.9901551604270935,0.33380938,0.089378595,499.9008213975706,459.40870171785355,622.869,215.78906,343.1014,159.14671,16.247368,49.630108,41.031284,29.022837,36.320942,17.876621
-LrIRVq3IK3HG10yEBuK.-LrISdQltvo9B1C3m_ci.-Ms-Y-4SUxgphOOomjl9,1.9505154,1.2277694,-0.2299017,6.6313286,6.8612304,0.6855306029319763,2.1282115,0.336442,314.3547774124598,1189.38720703125,257.6935,123.59777,358.51257,183.52296,34.610542,88.78849,70.01662,77.14178,50.30932,60.116665
-LjGBIYnULLBckx6_33e.-LjGBSWiBH-PwIJV_e8T.-MwAjsOne4CnG-THHqJk,-1.6142637,1.1364604,-4.702575,-0.05632196,4.646253,-0.8800361752510071,0.0846498,0.09480715,666.4295680230351,-1822.3734130859375,365.274,391.43274,494.89972,467.0381,77.78268,179.52225,165.19191,60.958313,31.223724,42.29521
-Lo4v2gLmZGsk3SeWkls.-Lo4vJZTAIlBvlAAChN7.-Lo4vdMnZXw1ih5WZUuI,-0.004198215,1.0172305,-2.7521462,1.4090786,4.161225,-0.8850678205490112,0.13178682,0.050933518,-8766.65077455102,-4.102690974871317,638.95917,612.503,43.07648,436.5231,232.62863,268.5553,53.62442,165.45566,10.80587,86.4421
-Lsulqs6JeWOd9vlQVWT.-Lsum-cJ04yTXC8kchkQ.-LsumJ1gbGKYj_zHSi5k,3.306473,8.734243,-12.821439,41.40936,54.230797,1.0668070316314697,1.6022611,1.5072336,2899.483594121754,12353.287109375,2031.2892,12469.355,6106.5273,14520.229,2905.7134,3724.778,5895.626,3874.174,1721.1816,3134.2236
-N5-WXiGRj_zYFF83JBk.-N5-fvHYFKx-e2VVUzjq.-N5-g3_AhHWqwB21Gwsj,1.229698,7.646886,-10.856795,13.200955,24.05775,0.13332761824131012,-1.3792917,0.9308646,756.5387966618074,1300.1322021484375,3246.3948,3941.1973,1459.8123,1312.6047,1037.3374,883.97546,478.43054,511.92377,198.21002,353.8345
-Li7Gw53VbA92RZ3ABZB.-Li7HAzKrOiI0a1m1y0I.-MZMODCqmMMx13OExiqX,1.9917758,3.0376952,-2.8482904,9.913962,12.762253,0.38808515667915344,-0.768425,0.5953882,236.71982146922932,1087.366943359375,669.26965,730.65906,461.93488,232.77866,88.047134,190.8235,190.91713,115.49597,124.98254,77.71489
-N1IDTNGaJdSPHgxB6Bt.-N1IDcxdcoNZZYmnJwTo.-N2zDQuYg9SvETD0vrpi,0.06320386,0.82040876,-1.1901412,2.400134,3.5902753,1.1750586032867432,0.72989845,0.07119738,642.3695218333859,79.68223571777344,329.88297,292.42908,328.3369,190.62325,258.4583,305.38455,75.28385,90.57591,91.69996,34.550964
-Mm2CziuznOBE9LfxL0J.-Mm2D3KjPiosJMr03kbQ.-N0o9vyBYOz5jT5enCcb,3.5738773,2.105779,-0.13441055,7.8392663,7.9736767,0.32586488127708435,-0.9548619,0.08168006,1228.9611129948398,7330.080078125,2303.102,1482.0371,723.9423,754.8266,528.41034,302.8896,189.75755,325.4326,225.58551,244.57585
-M-OnrHA0wmu3ymvKWA8.-M-Oo9RqHfWyjRggeAS9.-MrRNS-SJP-dgnilH2tq,-1.2325405,1.8187909,-5.540138,2.4488285,7.988966,-0.14523659646511078,-0.3097396,0.08122301,967.1733225291129,-2209.712890625,1004.07043,352.5902,1279.3185,1388.6052,246.81363,363.60602,297.61896,381.69153,390.27237,175.82863
-NArlGIVu8LbsnoEOjXH.-NArszPc7IxaARF53Tuc.-NArt1lYh6ulftj-u31v,0.07502172,2.4781814,-4.79802,4.091962,8.889982,-0.09712515771389008,-0.8968303,0.10565549,5901.177430454521,67.00081634521484,1476.4207,366.71887,201.52744,536.51276,193.8138,79.68195,102.68644,45.45805,42.093536,92.264885
-Lj_M3HTF61jKiWsSATd.-Lj_MEkCcndnywW-QHbY.-LsqIUFjljK4w2t-ILT5,6.513554,12.04719,-10.393395,50.253494,60.64689,1.3555927276611328,1.4595242,2.2925262,4871.584283114394,44189.85546875,4475.3013,34318.477,16882.936,21765.176,9003.316,9060.761,17981.96,12415.122,9757.362,13902.279
-NeMreqmG_AJT3wdYmIR.-NeMrl1wnG9vXRJZgzVd.-Ngs2FbYdnbcPnVfK_wG,2.1669352,1.6415187,-0.47287878,7.6527476,8.125627,0.9718406796455383,0.70870805,0.33081007,544.4941531025156,2364.193603515625,782.80054,638.923,455.79376,558.3208,125.21683,112.49692,58.32656,48.950115,37.254898,72.5815
-NCyFYytLcQ_126grEhi.-NCyFsuBjZN8vktfb8uP.-NCyG5melmaD4JLoNerI,0.31794962,0.39375752,-0.5061292,1.0517299,1.5578592,-0.026650095358490944,-0.64672065,0.04418309,360.8042745898746,258.72149658203125,188.44923,64.837,27.133566,83.02181,36.96685,42.725216,17.06424,6.3554764,9.368217,18.164349
-LeFwjQg8H2YmqKWub7l.-LeFwyQRrBy5fhb9uzcX.-LigET_ATUdJ4gonyywv,-0.7549526,1.8081867,-5.072471,2.634832,7.707303,-0.3487980365753174,-0.5397725,0.071397245,1595.3136504488552,-2051.430908203125,795.1952,556.2171,1584.9368,2605.6208,700.4398,633.31165,350.51288,800.9751,196.69344,121.464355
-LwDIOlM_-SoOdQMs-01.-NEARtKptrKlns-dkr4l.-NIWmg5Pb7Gzb_1DGJOh,1.4162325,1.2551767,-0.98437995,3.7674205,4.7518005,0.13346180319786072,-0.98854876,0.20192826,375.01570225437865,1232.195556640625,70.18845,261.11868,571.6663,58.596622,376.04895,49.843174,105.79355,141.58427,46.271107,54.57942
-LnHernN_fpHMmekEDg6.-LrsEMc0TBu1X-ESuAtq.-LyDxW-WFH7fIz7D1LmT,-1.1152154,3.4180355,-9.759046,9.987367,19.746412,-0.5408439636230469,0.67200613,0.90780306,2290.1269192783084,-3410.14892578125,1352.7548,1908.3312,3166.4084,3783.201,2746.9465,2090.1892,2003.882,1075.6415,1795.0688,601.1356
-MCkDtWL0R0OW2mO25Wh.-MCkGlcIhusutDOhoc1L.-MLCrnAtXQWqUDefOuUf,-1.348809,2.0365694,-4.9051294,3.2853222,8.190452,0.7003075480461121,-0.4488256,0.21462846,993.4980667223526,-3177.27001953125,1874.8645,1523.1512,1483.1301,941.1304,1022.97046,662.1313,333.75916,601.09064,394.21967,403.65195
-LhKVtvaBGb1puFWOmgR.-LhKW39s7wkxN44JF0MW.-Lhtdnla84l_Nidw1Mab,-0.35869205,2.2232404,-5.2314672,4.213963,9.445431,0.29063066840171814,-0.39827776,0.23809856,443.0495948630008,-283.84857177734375,405.71613,649.32153,542.68835,541.12714,490.55347,161.18875,204.57701,76.7697,103.36913,50.185993
-LwIMXLKExpIAn07WaxT.-MoIn4MeDMs_sl99s7m0.-Nhk1cfwDf5DT1GsoelC,-0.19746183,1.9915022,-4.407156,4.228536,8.635693,-0.40913301706314087,-0.8419013,0.44810128,1011.4994313922466,-468.8175964355469,438.04953,954.8532,1795.9645,1315.6257,1625.9314,84.68697,865.35974,396.6732,343.70023,220.959
-LnHernN_fpHMmekEDg6.-LrsEMc0TBu1X-ESuAtq.-NHxnMgwNPua4MdgsOIg,-1.0382669,2.7839751,-6.587269,7.84292,14.430189,0.47960877418518066,-0.23630762,0.47335482,988.4228747826847,-1820.2724502881367,877.55115,449.6848,2358.381,636.6028,1665.9624,218.75577,650.9568,565.979,613.87555,246.67519
-N1IDTNGaJdSPHgxB6Bt.-N1IDmde9b35A24xnhnM.-N1IDvYm7dGaBq4f-H3x,4.6725063,2.175872,0.79536754,11.019257,10.223889,0.8078270554542542,0.57666445,0.18307424,490.52182190220225,4543.31591796875,513.5946,1138.7008,514.59326,562.92755,198.57607,95.60024,45.511585,74.63895,64.535,141.08647
-MPs4GrvJlieFAXqIryf.-MPs6_yUB32sdhLsSvKa.-MROc3MsJnUaamEFevZ4,1.0214529,1.5228691,-2.16939,3.8823414,6.051731,0.159671351313591,-0.85293984,0.07391605,434.6789823542094,1218.447265625,279.14267,470.2087,1097.9456,239.6387,174.37277,175.12474,144.04356,67.48613,33.753098,7.1583567
-LrJ0yu2MQVIC9mmVQU5.-LrJ1-9N8CU-8pcr3S2o.-MIxXXVJzMlvxVnIQpJJ,1.0205718,0.7552467,-0.44158533,2.9754314,3.4170167,0.48987865447998047,-0.3087356,0.06570697,583.0012547448134,1165.986328125,309.89017,342.93478,279.9455,94.58193,113.47252,130.64395,135.82239,105.84671,35.45486,24.028494
-Lc_d-g4yyU44NLZYjLv.-NTwqRyw5D9LfwDCjFIH.-NgO1nMVlzu171jOHgEs,0.4685182,1.4612305,-2.8737042,3.604455,6.478159,-0.2213146984577179,-0.14131427,0.13073343,336.84237129764296,499.540771484375,702.865,601.186,387.48328,338.9156,137.42497,107.502686,17.695768,154.08798,102.54957,25.276825
-LilnSmSyM-6usWD64ZZ.-LilnfIIotZ2luAuWpsh.-LymzfJIevCujEFd48Em,-0.94817114,4.6598377,-11.889815,10.149882,22.039698,-0.28764063119888306,-0.2780404,0.52170295,2204.2146453908986,-2800.526506741842,990.8514,1250.6018,5412.9087,5268.1514,2517.1392,3005.411,2352.3743,435.61252,1299.7535,1604.9832
-Mn_4QM8_4Vk_-PM1Lrz.-Mn_4aVFH3kqi4t94pOT.-Mn_4ddW3Z4VeIUBDIdp,0.10508023,0.76689374,-1.6791363,1.3284651,3.0076013,-0.6953425407409668,-0.746325,0.07071983,490.43825700768184,90.24040222167969,112.70158,373.64154,57.6624,201.65057,37.338856,49.200676,15.5464115,68.0905,31.046717,38.107605
-MN2hxShPEnW3ZwMc7YZ.-MN2iASliL0gvxljWxon.-MN2iK_nWk_w0fEHyb-H,1.9620343,1.3495797,0.29848465,5.9362397,5.637755,1.6169756650924683,1.9490843,0.16140652,228.61650957936266,928.0471094846725,278.58536,202.6341,144.90479,237.41286,65.02022,70.49092,19.37134,10.753595,16.977772,3.6306589
-Lhe7Rr0kRFC2_3jT8E0.-Lhe7eO6i15jbPzv7oSt.-M1PjGlXCf7ZpG9hJPaI,-0.2299818,5.077494,-8.929138,10.510746,19.439884,0.12758465111255646,-1.1352471,0.45133424,-6118.240078392207,-677.9619227338893,3031.5107,2177.128,9200.375,2502.166,1076.1221,1457.3049,366.20648,828.85065,1026.6864,357.643
-LcjI5OGPRxeAj_JwEb0.-LcjISTwgjaAZF_xYXxT.-LjFh4DROm9CaNMN6ic9,1.7037741,3.8140612,-4.6427665,10.234386,14.877153,0.5391185283660889,-0.62636137,0.10053873,859.8908078520046,3320.662109375,1144.0938,2261.4062,4268.0107,391.88052,1002.59863,937.78674,500.71945,617.49243,395.00986,284.20026
-LlBEMo2wsK41U_i4Ff-.-LlBEbuAIaFAvd6Tsudd.-MJkYEiKr8BPkOv7mVns,4.710206,2.3254814,-0.534347,9.015172,9.549519,-0.2619546055793762,-0.26245737,0.10082626,511.4197817065369,4816.9629342556,853.68805,1191.5645,658.55176,354.69308,68.58582,247.15204,179.77518,104.15067,50.6973,36.946236
-M14kWZLJsnDvxxMGy-c.-M14lA8QMskyJeLw9tb2.-M14lN-YwCeJi4DEdB56,-1.1264584,1.6986661,-4.228152,1.9385939,6.1667457,-0.27185264229774475,-0.99856925,0.07404125,473.4599636730078,-1116.818115234375,943.4502,120.80206,622.5404,293.8859,90.586525,86.53781,44.691494,100.81265,94.87659,70.64847
-N12ztQ1CjdoxS8yF7au.-N1IiknvHn91byFbDwyO.-N7F6NZl2xliJTR5Mgyx,1.6474402,1.4374561,-2.4785607,4.252377,6.730938,-0.7541722655296326,0.7596128,0.16476119,926.8214980344763,2286.662994861603,689.8333,408.34946,540.2151,640.7666,606.4304,276.14612,156.465,302.8817,216.55754,28.212223
-MB36N6_Jo_H_Xp9V7-e.-MB37JPcRvm_osel5rIj.-MrWJ4VV2njnn5V6J59I,2.0084283,2.7309244,-4.8775597,8.393278,13.270838,-0.02134435996413231,0.24799109,0.09865412,981.0056801546546,3935.6902766128383,1447.1313,1400.5902,2672.682,710.8249,1356.1204,452.24963,594.3845,92.13187,74.0688,166.03644
-MRUA729OiKXXyHBgHAJ.-MRU8BEsz4ELk9LiGR2N.-MuUwfCRtOArm0uygt8j,-0.60474944,3.795674,-5.5314612,9.36957,14.9010315,1.0115878582000732,0.20912671,0.4613756,421.85498164780654,-474.4892199238141,769.4651,909.7513,1502.4043,554.3996,319.25842,296.68903,359.61987,214.9871,106.68321,204.50642
-MA56BG2c9WCCqXTUYo1.-MA56Y3IARHrHKJIzZMR.-MobenKHfGP5APkk7Hmh,0.04520788,1.4103805,-1.7931954,3.2608755,5.054071,0.8411126136779785,-0.4743049,0.20185596,580.0766442477961,19.22543336947759,312.14798,122.51116,161.27051,54.533875,66.77877,24.330065,43.601517,23.579037,14.143111,10.70821
-LkSxgdWu3mrv0klTuuT.-LkSxq8ao9-5yLS9f5xw.-LvnzvZ-eOS5GeCc8ApZ,0.41649413,1.973687,-2.4635081,5.7887607,8.252269,1.0250873565673828,0.64540243,0.16189289,96.30170157187781,268.83717928330105,220.25525,520.03723,573.7105,316.5331,112.00659,121.35088,121.2133,54.102806,42.077496,18.696054
-LeQj-TPGvH957FtD2bG.-LeQj7-q3pWiBx_dqKtZ.-LeQjVJg-F6XJ7ymrfMy,0.76467115,6.4101367,-13.012448,19.365358,32.377808,0.7631394267082214,0.8480401,0.18437691,784.931981508197,2534.864309310913,10075.525,4397.3003,7291.333,5701.905,1967.39,2558.1094,420.2415,1010.5396,786.85034,599.4179
-LiRv59cby4dDJ4r2Pt8.-LiRvJW2y2opdZ5s36FC.-LiRvg9X3rXv7xZZrwvy,0.0021964372,1.1842586,-2.8385909,2.2465417,5.0851326,-0.5786421895027161,-0.20941663,0.13844901,4414.770220073007,1.6253872166077297,75.04382,343.14755,269.06906,544.8192,64.1078,196.72931,37.97947,116.9867,105.554955,123.66192
-LxPzAAXRuoplPdr-PRR.-LxPyKw7jx3j1Fa7bodz.-LxPylitlPK0qxyvVphj,3.814396,1.3786806,0.5321291,6.742055,6.2099257,-0.4394981861114502,0.06952596,0.09799588,383.7984459599551,3108.531509399414,145.04005,406.9894,587.90857,172.10002,176.28938,154.59555,78.89289,68.473404,12.679472,44.469173
-LymcSeEKDNlZFwBbnSW.-LymcWkRpDZtVaOTqWrs.-MPDRbAEURYP4UD0wn-t,1.7583034,1.4544339,-1.1763345,5.529061,6.705395,0.33734726905822754,0.20173287,0.10350442,497.13750268871377,1292.748046875,496.88663,431.49847,193.73402,195.93953,196.19594,148.69855,23.626766,34.531242,30.637297,29.740582
-LqFtigfNxKdOAKfEw1V.-LqFtqM-8rDvc_4lFwkq.-MRPIyZdu17vH5mMuUKO,3.6950722,3.122322,-3.33878,10.76475,14.103529,-0.1376357227563858,-0.556612,0.33696485,1024.056865804416,7453.2138671875,1492.7734,1196.8909,3351.613,1119.8901,341.4407,1047.7708,738.9299,643.3476,950.0161,145.52567
-LcjI5OGPRxeAj_JwEb0.-LcjISTwgjaAZF_xYXxT.-LcjIf9gaDw3s8vC7_Rj,3.487897,1.7499064,-0.3893716,6.9575324,7.346904,-0.04255685582756996,-0.4498794,0.07132256,1044.7512729697062,6225.991049667199,966.3385,493.68997,1648.1812,913.07874,159.01288,138.68987,189.13918,126.74985,170.31897,82.8927
-LiRv59cby4dDJ4r2Pt8.-LiRvJW2y2opdZ5s36FC.-Lz10_iPPJYiVumtbxPI,1.4654752,1.9821949,-1.907267,5.46844,7.375707,0.11304251104593277,-1.010859,0.102493286,467.7963612325482,1390.6570780277252,1203.6797,398.17075,330.76086,117.851715,74.12729,20.919458,111.0239,47.65994,106.785484,80.03344
-N-7A1g9zOHIZqJ8Nr5Z.-N-7A6tloMJXxWD8ym-j.-N3slf6HvDIEmjLioeKK,0.7596998,7.0106726,-18.33644,18.672039,37.008476,0.262251615524292,0.9957435,0.90182734,-1902.1689121284574,2174.28125,8679.489,5056.1074,5648.4204,1501.0199,2956.5544,4097.8374,4887.421,1049.8208,1847.6853,325.66534
-LsVlMLffp0SgAp0tEX8.-LsVpvvNc5iRCKfLMuPm.-MOVAhaXwp9MX3Wt8WNz,0.6518771,2.2338464,-3.6121309,4.116231,7.728362,-0.18152806162834167,-1.1586062,0.07429278,1737.1261301230988,1240.4517822265625,1429.5294,212.9031,2220.9695,881.20306,974.44116,210.74896,203.86601,167.21117,330.45938,186.11502
-LpbOamzRD1fsi-6au3R.-Mqmwm14EIfQ5cA19SXG.-NJtL-0-M68HdZ_F_fD3,0.21416298,0.9600757,-1.3648888,2.2224083,3.587297,0.32732170820236206,-0.86958694,0.0852893,294.42001452059327,73.00450927019119,197.11893,11.652184,98.498055,54.808895,23.51878,13.141025,10.008129,1.7630973,5.2100286,0.60568905
-Lj_M3HTF61jKiWsSATd.-Lj_MEkCcndnywW-QHbY.-LkYhjOwJoy65AJR2O3K,0.26069373,4.9590554,-17.25779,9.768386,27.026176,-0.677338719367981,0.5748024,0.5537095,-517.2690117924332,1222.0761647224426,11258.029,6117.003,2192.1528,2599.5432,6482.8936,1629.8851,2578.8245,2045.2081,1621.6791,770.1121
-MMPpqiVf0wFBAhlI4io.-MMPq3wjE7fmArs-YCfI.-MvIIX1RWggHF8PE_xfE,1.2785617,2.3213117,-1.921985,5.4700737,7.392059,0.40872251987457275,-1.3539858,0.108312845,388.428068761792,1261.5832301626604,1387.6831,600.4411,60.682972,407.61304,192.64018,304.84286,98.88356,59.482407,23.85801,58.02487
-MGquYN4lpPSn1Q23ELM.-MGquoHjWAmBTog22nG4.-MGqw3PhXzpPXbAUBLvI,-2.0349877,3.6548793,-11.736028,5.3970337,17.13306,0.0020062332041561604,0.01924634,0.42401886,881.3807075372866,-4008.3101830482483,3357.017,1025.1372,3224.4404,933.817,1011.1957,739.26807,330.22858,188.48766,397.78122,470.18915
-LhA7iwTeQapDTyS-SYT.-LhA7u7fdAzf-Ce6-nAO.-Ll1E5u9V_cuyyBEdpRk,0.33603466,2.0873003,-4.146299,4.303417,8.449717,-0.2126283049583435,-0.7156024,0.091095924,1152.0315820485046,607.5462646484375,1538.7415,1625.599,927.2506,589.85736,693.1066,535.36426,176.86435,331.86227,165.14223,55.214355
-Ll6O1Drda67zTGbu6UM.-Ll6OKVLeAg2rdgD6T96.-M-J7PseKJG5uYTqtUhu,-0.5150525,1.6701839,-3.6186416,3.0745351,6.6931767,0.1017487421631813,-0.82641244,0.051010877,701.292550079322,-1496.686767578125,644.581,75.04749,3139.5532,375.82626,594.0562,458.80652,450.01935,316.37946,280.0052,457.77197
-NYbRMT2qkWA2bYT9ZGm.-NYbRkv8Flb2zjo4PsN4.-NYbRu-aCe-cnxBZNqDZ,-5.7042704,3.9887989,-11.479268,4.548174,16.027443,0.6919057369232178,-0.45865226,0.94904494,340.7072244888572,-3584.674058278402,725.6505,392.00504,1147.7432,663.64624,565.1091,182.2203,458.15186,152.49825,169.83977,37.040173
-N-bTw-dKPB0Jn6_41CA.-N-bUtp_e8sO-7SuTEme.-N-bUy2jsSnOXUaLUiSH,0.10618664,4.490288,-6.870913,15.054513,21.925426,1.1933547258377075,1.4547744,0.4019524,9821.194118111107,259.0389099121094,3028.3923,2398.5857,3116.2063,3370.3293,1537.8411,3007.8167,3036.0432,2180.6096,498.66434,1134.4705
-LhKVtvaBGb1puFWOmgR.-LhKW39s7wkxN44JF0MW.-MBh26ATXTzGWClrqzao,0.096953005,3.7863934,-7.632293,7.6425896,15.274883,-0.40657883882522583,-0.48832607,0.13611114,-10129.55026746415,195.8695019086202,2830.1145,2005.8373,3771.1401,1031.508,1703.2618,672.4728,267.5304,484.8484,381.4247,180.24599
-Lih1-8YhTUk-ZydBu9I.-LuX0jxGpudVjXn46epD.-M3BEDiL1ltFtV6tqy7a,0.06250364,1.1453222,-2.1037436,2.3281045,4.431848,0.10022624582052231,-0.7722659,0.068188414,1896.6772629944548,79.51367873946826,311.1231,302.51843,878.88495,231.19916,94.28236,134.36253,58.87601,78.02508,17.592638,29.614283
-MTeBF3C-2_g29YeMrzx.-MXfc2j79Rc7eDmd-MN_.-MYJswiXsIFvhUz36GjS,2.702244,2.0399663,-1.2834629,6.93797,8.221433,0.1555456668138504,-0.75950885,0.09505558,1052.8615981728253,5256.210101664066,719.98096,203.06297,2193.5977,589.91144,1272.3612,431.27026,309.33273,232.36137,143.42546,221.27077
-N1bxw0ga-84Cy1gXwBs.-N1byLLQ2H4NrOrsMs5E.-N1byP8X5TMEnxRkIiDL,0.1981741,1.3742363,-3.0836606,2.8342526,5.9179134,-0.46041139960289,-0.3910222,0.13277924,1499.3003041771178,325.5248358448346,308.08505,1094.4535,843.38696,341.44955,500.10797,185.75954,91.55108,188.00008,179.75804,147.16595
-LnHernN_fpHMmekEDg6.-MXfmpVoiBHsFxnxWRlX.-McE1RFmtbSGzdIQvDQc,1.0997862,3.1456695,-6.477177,6.725712,13.2028885,-0.47530871629714966,-0.32329845,0.31894827,1993.1694602601176,3559.8603496750197,2029.642,494.0232,2347.2488,4664.144,2169.7,2615.095,2008.1564,1539.7556,695.7477,276.69604
-NZ_B2J9-orCHk8M2Xa6.-NZ_B8UjIpc975ne1QSj.-NgShw3pjes62wgp3jWr,1.3028088,4.8544717,-5.7978663,16.828619,22.626486,1.5008758306503296,2.0607266,0.35224485,1018.4985192088047,2641.32738562425,2341.9927,2121.091,4593.8213,3221.1921,2069.264,1108.9382,298.34183,159.05708,603.015,100.48182
-LjGBIYnULLBckx6_33e.-LjGBSWiBH-PwIJV_e8T.-LlVUWLkI2ddM80R1F_v,-1.3569953,1.373367,-4.3073893,0.84125835,5.148648,-0.25217944383621216,-1.0078006,0.090225756,410.5851371212017,-1681.7945943872135,958.9739,107.858185,231.92302,387.27478,225.15703,182.1886,367.90317,233.96005,113.75281,54.24556
-Lih1-8YhTUk-ZydBu9I.-LuX0jxGpudVjXn46epD.-M0XTgt5L2K3m4t5LMJ1,2.866653,2.6097515,-2.1308856,8.645492,10.776377,0.14618359506130219,-0.7103884,0.12940478,1640.1016440552341,7651.8228878974915,2419.768,2521.0906,1337.428,2365.0474,1651.3643,202.92432,537.0045,580.07184,371.5415,307.94012
-LiRv59cby4dDJ4r2Pt8.-M-hzccCF-S-YfW3Kznz.-MAVSv77OKn0vmyEefF4,0.9890808,4.135516,-7.2518067,8.2903385,15.542145,-0.3949193060398102,-0.60869765,0.13254255,-180.09245396440468,2033.6449985901515,2119.929,4179.691,3303.7651,1030.9185,1208.5529,433.66025,243.50562,83.0689,179.87537,378.34204
-LsVlMLffp0SgAp0tEX8.-LsVpvvNc5iRCKfLMuPm.-M0aaMkrpaseas8cfBUR,-0.0004292103,2.7340343,-5.6658297,7.5254555,13.191285,0.5323016047477722,-0.020039797,0.10396302,-252305.28801503565,-1.366980703547597,1518.6023,329.86475,4377.5254,637.62195,1133.8179,2006.3392,1465.6765,1178.1337,922.52954,536.77765
-N1HyPmDE0QTEp92yfCF.-N1Hy_lxGTSOVSsrMUdr.-N7KJzQmQVdRUYDuv9ey,-1.6650847,1.2891843,-4.357362,0.91535807,5.27272,-0.04301721230149269,-0.70803475,0.07011807,665.9744033030956,-1988.2084365884464,590.03925,111.65981,524.2636,542.65063,423.36182,182.03041,141.11905,50.202274,93.926636,91.924706
-LivscGJhM_bffA-hYoF.-Livsj1eSIV9BzurR4DV.-LivxUzYB202KDNrwV5f,-1.5197968,3.373458,-8.399695,4.233788,12.633484,-0.02951311320066452,-1.0094496,0.22313963,1156.4625348904392,-4458.517325997353,2377.188,2070.6882,4500.5845,2421.083,764.5633,1772.908,455.75668,2500.3535,678.2608,179.15732
-NZj_UI5xOnM9HlJwmRM.-NZjeBsChpT_wcafOujX.-Nko1lLtshgZWSmyCPRk,0.8220992,1.2951776,-1.7711197,3.4407234,5.211843,0.05775658041238785,-0.75556755,0.08490491,1061.783890824321,1186.6883544921875,508.07166,638.75055,913.7914,370.07526,122.94672,139.06612,152.33882,67.77804,184.57939,80.81491
-MmqBbesykogIskffLh8.-MmqBhnY5XQWr8JA6ft3.-Mo2ZzdG3X9Mu7Tkr-wR,0.79752845,2.5958967,-6.4407754,6.68057,13.1213455,-0.2840072512626648,-0.1324203,0.1717987,1193.0164586339554,1770.1556396484375,302.52414,1420.6117,3232.8938,75.05192,1248.4615,508.31668,1147.3555,425.49905,682.8116,41.506687
-LjGBIYnULLBckx6_33e.-LjGBSWiBH-PwIJV_e8T.-N2VBWvoiAUyJw0INsHO,0.22562236,2.587309,-4.1767955,5.540856,9.717651,0.32292020320892334,-0.95876026,0.09116775,93.07832982930061,391.599244872729,2542.7454,183.7954,211.617,793.27954,1486.2333,524.6095,196.86919,146.2065,80.95128,152.11134
-Lih1-8YhTUk-ZydBu9I.-Lih16uEm1hqXRnZ0SAN.-LuX0s-nN_RUriWopOge,0.62106746,0.5110919,-0.43552145,1.6658632,2.1013846,-0.0860850065946579,-0.81306124,0.05802933,323.9597143228126,399.6106782257557,133.50212,88.67861,137.96362,43.89347,32.375027,59.116947,43.0127,19.81849,23.803617,8.711995
-Mk6F7_DicTF4xbi_qpF.-N41R1sodFBjiZniLOj6.-NWGa3VLREXkJ0wmrX5A,-0.39423785,2.080462,-4.5943875,2.6916268,7.2860146,-0.38094285130500793,-0.9616265,0.13484704,1065.822312714223,-490.14304065704346,846.05634,309.3566,1469.5828,454.3,295.54065,192.20023,78.00452,112.83314,59.708622,94.03185
-LsVlMLffp0SgAp0tEX8.-LsVpvvNc5iRCKfLMuPm.-LuXHRmgpRMbapiHrzRy,0.6838454,2.7167966,-4.6214905,6.843239,11.464729,-0.006060134153813124,-0.54627705,0.14558041,1458.1090487469166,1587.7247184515,1890.274,1233.5548,3370.9722,612.57117,1007.93384,59.339306,590.2984,751.71594,874.31854,417.14752
-LlBEMo2wsK41U_i4Ff-.-LlBEbuAIaFAvd6Tsudd.-LzGPcer9Pz5gIBjOKV5,4.39002,2.0013356,-0.30646643,8.114954,8.42142,-0.2555820941925049,-0.791271,0.14176345,1104.7327972216247,8643.969749768576,1365.7803,287.4224,1004.08167,1465.8159,949.5736,372.97577,382.48087,719.68695,525.5836,441.9743
-Nddb9nmWnFULgB_Y7Rz.-NddbQ5kEdyBaVUS0fyk.-NddeIMICotduGC6bD_a,-3.6828535,2.5578892,-8.828235,1.3643482,10.192583,0.025453627109527588,-0.6526265,0.32521802,291.87419358213725,-1843.7186279296875,809.6508,128.89598,284.5761,177.3549,91.66768,69.57944,153.59163,26.41916,3.223306,22.766706
-LjGBIYnULLBckx6_33e.-LjGBSWiBH-PwIJV_e8T.-LthsV6a9t0GklZLwoB_,-0.36403304,1.89642,-5.481861,3.9503906,9.432252,-0.20635956525802612,0.9175377,0.09057534,1340.566790357081,-758.784992814064,1331.6112,162.92496,2078.1282,571.4402,645.31055,718.63794,115.989624,598.4491,266.42505,168.4041
-LilZoDnP6bMFU8L9sx-.-Lil_1U5v7pj7lZhNb4l.-Lila7sFdOQ8mkzArzlJ,3.3273437,13.924329,-37.114506,23.556696,60.671204,-1.0143907070159912,0.5275724,2.267952,1613.1349538367679,6824.76318359375,6494.838,1307.0637,14640.551,9473.631,3396.1338,3062.9783,3621.875,2373.4731,2030.7946,2163.3276
-LeGHgjpZ_PHBerCO0qQ.-LeGHr_FnC7X-PeYv4MF.-Lqe-ms61Do46VQWVSm6,-0.82707155,1.7100899,-6.2389646,1.4842055,7.7231703,-1.3646140098571777,1.6222758,0.10678911,804.1236333167434,-1164.3714599609375,1116.4701,371.24332,464.2195,1017.6452,394.69354,115.44894,190.37831,151.33203,147.16626,84.90698
-LhKVtvaBGb1puFWOmgR.-LhKW39s7wkxN44JF0MW.-Lrh-uvhRu3S0o_fysTg,0.7437094,2.2986658,-2.9630034,5.787912,8.750916,0.1258130669593811,-0.9053042,0.121225595,861.5574481548732,1210.516845703125,773.34674,345.95438,2130.7295,581.3791,439.07825,872.6401,183.8673,165.3484,517.33453,313.38562
-LnRUo67yQGOfr1rPlTl.-LnRV1KUjTGqgvA7Sow7.-MMKuR2j235iSdQy1bIK,4.047893,3.5256734,-1.6838638,11.020649,12.704513,0.5218244194984436,-0.53257704,0.18900943,528.4183487770929,3886.7080078125,1010.7412,1886.7372,831.1608,540.61273,162.2441,244.36331,274.88434,80.91858,14.205167,47.274994
-N_8CZYqZeJTM8vKECDH.-N_8CcNh5qSKbJZVftKL.-N_8E-W7nfoVE0iqRBYZ,2.8150759,1.4454997,0.39272088,6.0448556,5.652135,0.14932949841022491,-1.2485752,0.14845872,697.2006393393292,3744.1568694909415,296.41397,820.9852,821.6641,564.9539,134.68413,216.83742,43.43588,70.01387,28.060013,54.890324
-MZvTIThiui3_2oVmHxm.-MZvTJlySPpZSszFH8KQ.-M__D1QkuXOfz45KY_TF,-6.2549553,4.9175324,-19.932743,1.167659,21.100403,-0.8287163972854614,0.4802959,0.5918832,620.3447200990215,-6903.6728515625,2517.7283,1939.2881,1356.8445,272.7964,414.42313,1083.6595,727.7299,276.6412,268.66428,404.49472
-LhF4BBfr4lvtTUhEH72.-LhF4Jp-itV0W4tDriwv.-LhF6pU0rpquJuWMREfP,1.5003653,3.7388582,-6.7155814,8.521892,15.237473,-0.16313667595386505,-0.8841078,0.16973817,2929.0018559517703,6853.20068359375,2398.9963,2705.0342,7917.483,5045.7153,3677.0947,2594.5444,3713.7732,1445.2753,1338.707,1170.0929
-LnHernN_fpHMmekEDg6.-LnHf-cbftVM4CTskSYH.-MBnCDI8LPj7twvQqLgf,-1.109332,7.5637674,-14.841115,18.027195,32.86831,0.18864290416240692,-0.74130774,0.75480604,3310.4562532671634,-4347.535470664501,1950.5885,4190.7314,17457.75,8514.394,821.03174,2419.2546,1683.2239,2931.0828,907.63965,1819.2744
-LimCEPj4cm8u6UaR3tY.-LimCJq_owsUDVdRu8Y8.-Mw6Se2CQcMeY2vaAj_0,-0.6397606,0.93547404,-2.1519754,0.9483767,3.100352,0.1954631507396698,-1.2476375,0.047708265,425.811307489376,-412.04718017578125,315.00476,255.20341,101.43051,67.22376,49.526802,4.8193393,19.981674,10.553367,18.659483,13.203027
-LjLIVhvROwcA1ZfxIW9.-LjLJ5zm6OHeP_dHzoPJ.-MBhMvsBlz1GCZ86UC1R,-0.5107572,1.353551,-3.424869,1.6986004,5.1234694,-0.615882396697998,-0.5623064,0.08812982,-10.336172563186675,-400.1392822265625,578.8122,374.06946,235.17667,140.08319,57.40892,52.7236,41.686405,39.53022,36.142685,57.782078
-Mm2CziuznOBE9LfxL0J.-Mm2D3KjPiosJMr03kbQ.-N3x1E4Pl4h6fhTjV1SR,0.10928849,2.611421,-5.145678,4.940839,10.086517,-0.11629705876111984,-0.92487,0.12231055,3528.3265936982816,128.49050233761469,766.346,570.0884,1791.1736,740.2254,210.71263,120.33288,144.40865,115.63564,132.58527,52.597748
-Li78_-q6o1fQuak5tjs.-Li792Lr928udbQJoVff.-MT9qOXUC4Q1tIbrel7n,-3.3084824,6.0432653,-16.48703,11.263095,27.750126,0.010074008256196976,-0.34953666,0.72584057,1264.2049662066715,-10159.78244916598,2823.3162,7073.823,4497.352,6648.652,4065.8796,2463.3025,3378.6057,1967.675,1455.2787,2169.0752
-Mj8A5WiZkzJQPQZHUxX.-N1wWLe-imNjHY0ey97h.-N7PRXLf52oCHDjXunDm,2.1368206,1.8950164,-0.3110388,7.8414345,8.152473,1.6062394380569458,1.7447596,0.1324966,584.2968563538652,1911.366551498572,706.0901,538.3895,632.4633,368.01462,301.94244,88.28622,111.163925,52.258625,33.037853,12.138085
-MPECH5jzmYO2q23SE48.-MPECLlUj6eWyVzRJX3r.-MPECU17i0v8dKYPkzMa,0.5050443,1.6542859,-3.3414977,3.4879484,6.829446,-0.4355965554714203,-0.64096117,0.17350596,573.7339915098355,733.0226134955883,249.29596,550.2583,1166.8287,787.64685,225.74734,636.28564,112.940704,70.36604,82.549355,164.92398
-LimCEPj4cm8u6UaR3tY.-LimCJq_owsUDVdRu8Y8.-NUzeWfCmlZodwnF5ep4,0.15344736,2.0217774,-3.9173532,5.549381,9.466734,0.31918513774871826,-0.44822478,0.11130053,-1145.2243603914453,510.03620517253876,2822.5884,1428.626,702.6612,1650.9917,2308.5044,161.13417,507.04147,1252.3171,120.95533,1052.6912
-MLCPaVHke5WF47cCC4x.-MLCPgQ3s22FJfFDZztz.-MVVHEAQYwGdy7RENwbw,-0.6916498,2.4086678,-6.562504,4.826491,11.388994,0.058250684291124344,-0.24199295,0.20476854,208.26115514762003,-1751.6123046875,1989.2375,167.56934,2415.5854,2007.4323,1229.2452,849.99725,620.7651,441.6701,161.56102,938.86865
-MedmeV_zcoehIZbTGFP.-Mobvs7vzHejxAHpDYCT.-Mobw5h7opvGsQzu4QYo,1.3253119,0.80426615,-0.23830433,3.4168093,3.6551137,0.647108256816864,0.25989175,0.06792706,520.1315895245442,1366.0078191061814,140.68127,459.79648,179.83438,172.61366,71.06319,141.9233,51.421795,114.66273,53.86914,47.07219
-MHuT4RKvZO7CuS145Gr.-MHuTN_dAamozJjD6mDF.-MHuYLWTHi2SOnk7St7J,0.86287355,1.7130183,-2.005038,5.0716276,7.076666,0.23336711525917053,-0.78811264,0.25799215,864.1692013131908,1152.9230048904817,558.2178,328.51013,1341.1345,287.1022,227.2842,158.99992,158.5341,184.2058,224.36516,144.02397
-LjPZNhs82_bRhiBwwZU.-LjPZXTegbxmkyPInqtZ.-Lq0F-YsfTLTGDhM0l6z,-2.0215826,2.506118,-8.634122,2.02859,10.662712,-0.950394868850708,0.42105126,0.16958678,610.3461527951667,-1966.73583984375,1355.8334,371.38858,357.53848,686.0363,558.614,195.54231,129.90865,157.6487,125.560356,53.13227
-LjKyI43mg-C3b869MEp.-LjKyb4UlDgwEto9ptnN.-LoPnonyNdrQbSB-CZEp,4.618045,11.872845,-11.413206,37.92027,49.333473,1.3762882947921753,1.0091496,1.2385025,1002.7661286485037,10758.01898197333,9433.858,8272.435,12087.457,5029.9907,4650.2417,1759.1957,3089.3098,2336.3552,2020.1266,2006.4701
-MR-Ij4h6vJLLeLlTJMD.-MR-Iq9opPhL71yTwE7I.-MT_6km_F1fMNulRbjxo,-0.810324,4.6094613,-7.1300516,7.7381344,14.868186,0.19928671419620514,-1.3624207,0.10049498,419.8839380364978,-1448.58203125,4561.6636,2708.0605,1743.4204,1452.824,129.4837,194.25072,580.9562,379.1945,266.85638,330.24078
-MxJKNq4xor_EpVCTjH8.-MxJKWFQrgsYiA1VgQOD.-MxJKckHCHTrCV_38-Z4,0.34349746,4.276693,-6.7728505,18.349937,25.122787,1.0035886764526367,1.545888,2.47964,-2888.746697453686,438.48583984375,2723.0544,2239.9163,515.7085,564.26135,167.38799,570.1714,299.2164,159.12396,322.68832,550.68066
-LtTczccIARlFKnjmwwO.-LtTd54D8w10BNGTAMpI.-LvAX3REocSNUbw5PiQ2,0.22367243,0.97485864,-1.7598903,2.3384812,4.0983715,0.05272958055138588,-0.80579257,0.09263638,262.81666185565746,226.84994506835938,443.22815,240.56447,154.7905,188.5388,271.9967,263.74762,117.514656,33.24288,64.84809,45.832977
-MuohO_gtqg0k2r683cO.-MuohTxXe5Rvw6M6hPGu.-N-2A-61gFyPZlc7iRpo,0.44881123,1.2519456,-1.4986832,2.794061,4.292744,0.2518814206123352,-1.0615829,0.15199596,397.28360068958824,432.03242784117657,370.31586,396.2265,494.0132,336.40762,195.59831,25.924652,34.722855,73.13209,74.42955,91.74622
-NKIFiHiotEeO0SLgQPD.-NKIFoVH0wJ16P5XQx6F.-NNppu1DE3WCfkTkinr_,1.4828041,1.273251,-1.4416878,4.2363877,5.678076,0.24048297107219696,-0.49321818,0.0953812,681.3293255994738,1697.8545565704505,314.42188,664.83105,354.60104,464.17673,344.94022,113.4356,86.49176,19.38333,133.93353,71.48987
-Lhi_hQB4d9hP668bC18.-Lhi_pFqfsm7Fzt3bPH5.-Mn9lzWismLEhp1zECgH,-4.125807,6.119834,-14.356487,9.023072,23.379559,0.06962956488132477,-1.0966462,0.22368646,784.7880677644188,-8435.2138671875,1113.7103,2288.1526,7148.7915,4171.9062,1014.3848,685.5177,359.88507,385.97168,164.21565,797.7901
-LrJ0yu2MQVIC9mmVQU5.-LrJ1-9N8CU-8pcr3S2o.-Ndj9n13xFoRHXXjuCdE,-0.5494657,2.2644536,-5.614827,4.444942,10.059769,-0.10089080035686493,-0.17970276,0.17093706,693.9539152108201,-1056.8460693359375,1943.3184,699.2188,1007.4179,1577.521,632.45184,803.75116,217.14133,434.14145,192.6531,105.66041
-Li7Gw53VbA92RZ3ABZB.-NQU1M9H25lI0O4Vd72R.-NjffcodTd7Eh9W-YGp2,4.025648,5.277092,-1.9725819,18.922476,20.895058,1.348357915878296,0.71392536,0.39629078,382.3606037763519,2551.1778328617415,1557.383,1629.5968,555.1032,321.09778,200.30064,146.06073,75.857376,82.7684,59.449852,65.08781
-LjZoU_G2B3YglO2xBaE.-LjZokWzH1DWEXx0L1a-.-LnCeg3B5E7XeE6wxvbT,3.9100785,5.4254956,-4.7173843,19.887112,24.604496,1.0334422588348389,0.7030585,0.2022171,2147.395533064593,14752.3466796875,8405.184,5240.581,5513.206,3717.7178,4464.75,5819.4336,1654.9135,1874.8716,1909.9213,901.18335
-Mqx8Ysk77qLkwt2-z5c.-Mqx8cYtQyXScNxqin6J.-N2LJJqSa5A8C_DBuboC,0.4039962,2.6410313,-5.440058,6.037566,11.477625,-0.27246081829071045,-0.64428973,0.25201058,1811.6618429036705,982.4276123046875,715.7747,742.5142,2610.8174,2941.7463,549.33295,1234.9933,218.57579,220.80888,1201.3429,276.79868
-LeGr5GgY30JbjHXHI69.-LeGrASzOiaSf8oHM-pF.-LeGrt6CF6EZBfcZFwqY,-3.0985632,2.1656303,-8.536387,2.3527544,10.889142,0.18175318837165833,0.87182736,0.09475231,883.1225215464298,-5282.243539234002,708.88464,639.58636,1592.0846,1671.7655,557.1681,179.97777,220.64984,125.81138,262.58594,33.75844
-LjL053LDwz53ECJceWS.-LjL0WQ8L4ws1NV7CsBK.-MujSxfh-1xpfLAh0dMp,2.1806962,4.835563,-6.2933927,13.860696,20.154089,0.8134068250656128,0.16355014,0.5622232,496.0173048124589,2312.7409065564475,2228.7554,1882.183,1430.3098,1536.2571,228.95628,186.07928,168.89375,314.82254,89.49486,126.68278
-LiRv59cby4dDJ4r2Pt8.-LiRvJW2y2opdZ5s36FC.-LuW_VVtrkwxsLrxJoPW,0.86934984,2.0475886,-3.2516239,4.348916,7.60054,-0.06665243208408356,-0.9870641,0.079357505,930.7233490823326,1529.635498046875,465.8372,1611.1173,1409.8049,930.80176,750.04486,241.1985,174.80222,124.56385,146.50407,163.30399
-LhFJ5yp0foH4x9WCCpn.-LhFJI4bLPZl7RK4H7qU.-LhFJgyjXKuAu4bQr2rE,0.41851532,0.75190055,-1.329438,1.7811031,3.110541,-0.4107727110385895,-0.06822443,0.07573716,313.9224012717938,207.79193115234375,111.97375,183.43268,135.65784,56.41307,24.590666,23.58678,20.559261,19.988342,8.838541,7.7805486
-LqAlBMdW0SudzsLML2z.-MYJSbRoSK5gtQHT5Zqf.-N-RsdijU4R-qwv_uHEa,2.5005488,3.07041,-2.9143918,12.922039,15.836431,1.0424714088439941,1.1005964,0.7120404,882.4458658723369,4407.698703606923,1758.2081,1732.6562,1368.0156,373.30963,1598.3018,185.31003,1133.6536,936.5259,653.35803,199.87862
-LhKVtvaBGb1puFWOmgR.-LhKW39s7wkxN44JF0MW.-MMPMiDB-ewurKJvuqvB,0.8327901,2.9781249,-3.8690622,8.988913,12.857975,0.8587741255760193,-0.019129276,0.34467292,1167.9962915349702,1860.2164465387661,3431.092,712.91974,1135.4199,1984.2892,1822.4327,602.6583,465.74463,324.50464,274.16565,214.36543
-MyBd_912lLWpT2IaBFE.-MyBdsfeac2he6bLwXBA.-MyBe-KeQd0LhYRZf3nk,1.3756493,0.48733953,0.57376736,2.2927246,1.7189572,0.3753514885902405,-0.9946945,0.055687636,246.4593176450678,687.93994140625,80.00792,84.677086,103.78911,52.148857,17.59193,39.004955,23.08407,10.93995,6.0305576,5.6393642
-MU7poZGqDnxTVlhy0wP.-MU7olfBqPtCXgBou4fo.-MU7p4012QkyBWnm9vId,-1.2373395,8.849334,-22.42004,15.297119,37.71716,-0.3288785517215729,-0.21764159,0.8109708,2624.7358488878476,-3552.5770369966826,5337.9033,2901.5046,13282.199,6392.9946,6706.2607,3013.1538,1781.2242,703.8284,1013.01904,1350.6211
-LhKVtvaBGb1puFWOmgR.-LhKWJhP_PX0yKWf0V-S.-LpCL7c3tXDuXLlvVsmr,0.5558035,0.56295466,-0.50543827,1.6086485,2.1140869,-0.07223097234964371,-0.7646296,0.063440114,326.57334799682525,435.5551452636719,184.51723,133.3516,106.99039,86.07332,141.49834,36.890434,42.987484,32.078934,30.832037,17.01138
-Lulbc87BHgXQt7DhxtO.-LulbdgHIaAHoa7oikFA.-Lulc1pGR0jTtXoR8QAR,-0.046250913,0.6595162,-1.4901456,1.2657236,2.7558692,-0.14557164907455444,-0.6071961,0.072501734,1832.8844845849005,-44.47525509198507,106.66463,136.1593,348.4033,57.012062,170.63313,73.65987,49.56802,76.712616,26.914537,65.84636
-Lc_d-g4yyU44NLZYjLv.-MJWHNNHax2kwaFP9i63.-MY9Xi5OlpeWlNpcs6Mm,0.75988245,4.042506,-5.255343,15.474387,20.72973,0.5885707139968872,0.32848096,0.7925966,1454.0068315744593,1170.773381670316,1515.1167,1734.3971,2155.5579,2122.9048,450.41818,1324.2283,718.879,311.78574,754.8337,482.16556
-LiRv59cby4dDJ4r2Pt8.-M-hzccCF-S-YfW3Kznz.-MSXEUpyHrZaoLG_-L-z,-1.3756704,1.7726843,-5.4993505,3.4843092,8.98366,0.30144017934799194,0.5943856,0.18979628,672.5080335961566,-2214.9656107028327,597.1886,270.48627,1225.1641,388.77933,956.8067,774.0023,493.89844,378.88095,129.84195,78.961754
-N1mA5i1SYvNLLKAMssq.-N1mALbAk2gcKcQ1JL5-.-N1mH_yUwh4a2xCybAa8,-1.3497114,4.9492655,-7.821996,10.99466,18.816656,0.8062820434570312,-0.33527136,0.34701347,293.86425729882745,-1437.561279296875,2371.288,2619.826,256.32938,666.71906,181.64215,350.8124,195.22488,279.37338,367.8917,360.55838
-Mj8A5WiZkzJQPQZHUxX.-N1wWLe-imNjHY0ey97h.-N2Q12gMoa6UeUoxbqDh,-1.1692456,0.59457415,-2.272479,0.012827978,2.285307,0.19553141295909882,-0.82857084,0.064801216,354.2219237778902,-822.0045038561026,40.982056,177.52415,105.13527,136.59099,141.131,24.344896,37.68895,36.419228,29.576508,4.056945
-MLHXDQ2BX7xY0GEal8T.-MLHXluRZevq2K-wq4OH.-MLHYtedB9VOMdSuwGaZ,2.167477,2.8470814,-2.6263995,9.835742,12.462141,0.7918180823326111,0.3333676,0.11881232,1278.1910696785658,4694.5594873254495,2675.8003,821.43134,2335.2317,1990.0002,669.9637,857.8715,338.884,425.6903,256.7901,327.03726
-LrhTcEHDBff6kjYtthz.-MISpYfmwOSvVIIWuBW9.-MM02zM-vI-DNHT15u6T,2.0342805,1.6994914,-0.9372519,5.5910954,6.5283475,0.39064398407936096,-0.54324865,0.085725784,640.300368090746,2437.62353515625,932.6011,564.59436,844.43036,135.28726,140.1984,38.48923,254.24803,96.53955,156.84232,75.46707
-LsVlMLffp0SgAp0tEX8.-LsVpvvNc5iRCKfLMuPm.-MMtJmBYgqwqOzW1Okn-,0.24468705,1.3503289,-3.350832,2.8424785,6.1933107,-0.35684290528297424,-0.07995558,0.06560102,1730.2945416524794,593.5332654714584,675.9924,360.30188,300.2198,1228.6128,1124.0654,1154.5499,602.81305,170.72427,115.23936,186.06262
-LeGHgjpZ_PHBerCO0qQ.-LeGHr_FnC7X-PeYv4MF.-M7qJk81pITBnVAOUhGe,-0.23894048,0.5770313,-1.4219536,0.4648252,1.8867788,-0.6353743076324463,-1.082902,0.054094926,209.13163957566826,-108.7987690170606,20.644186,166.07497,56.071217,56.305748,18.889202,7.8389006,9.702206,14.9860115,2.5464914,8.525427
-NhVToOuqMZWZwBCxl8Q.-NhVTsB_EnPxVFRZCOnB.-NhVUJKy-s2xZI1sfFlH,0.18555261,2.8607924,-6.531585,7.103836,13.635422,0.19232626259326935,0.13720512,0.5034796,-717.0097806582249,249.70139555136362,558.6125,586.57837,1880.9097,821.21936,1304.9811,341.69016,138.76701,314.4944,225.1903,219.84848
-N5-WXiGRj_zYFF83JBk.-N5-fvHYFKx-e2VVUzjq.-NEAHU7tLo1tKSKe1n4s,-13.093361,15.440039,-28.73782,35.405228,64.14305,1.3742421865463257,1.4580526,1.6665405,380.40577693908375,-14564.969964663187,3466.261,9356.248,4136.6055,3610.1375,1139.7415,2886.6384,2022.2056,915.0418,1171.9833,834.16315
-LhKVtvaBGb1puFWOmgR.-LhKW39s7wkxN44JF0MW.-MQWFsor0fI4L_8QvZ-n,3.6155536,8.165261,-7.2041016,24.12091,31.325012,0.5712665319442749,-0.67376137,0.29935122,206.2188285552867,7191.7841796875,10202.198,1675.5197,2796.783,2017.0901,2458.9282,1550.8208,1529.378,1062.3263,302.2368,212.84596
-LceKoJLHb8IoImrI10u.-LnCM3vwNpIsMhOoOzDc.-MmHtVQUY7YzjUrGMCjG,1.5881398,0.66442704,0.64650875,3.2189186,2.5724099,0.8518312573432922,-0.001963377,0.052224517,551.5329099045631,1903.0078125,93.39985,201.71951,410.095,82.91345,233.1203,100.70917,146.43088,32.658653,18.1324,38.3732
-M-nSsF_i78yWKTU6Jpi.-M-nT7byCCsOazYBWWQx.-N3sZaW_kFyozZums7aS,3.1498206,2.1372616,-0.2616827,8.519689,8.781371,0.9986356496810913,0.35600185,0.15537715,528.1169345829903,3065.1354550917945,1099.403,880.94507,210.2313,238.7694,217.54027,126.61707,47.558304,52.08778,56.29514,46.96287
-Lhi_hQB4d9hP668bC18.-NJnbybnfglLVaLUOmiV.-Nc1FXZdxi70GX5NYj_a,4.681004,2.272721,0.0017877629,8.80221,8.800422,-0.10242453217506409,-0.832196,0.27500224,925.8020450431627,9864.310746987661,1112.4321,1249.345,2463.227,696.3601,637.6753,586.4563,329.74222,592.8507,494.51434,582.03
-MutxIuxjnQ6kYnfwVUB.-MutxS3VJclgmPwregnL.-MxYusMqJPTLrmC9pxO0,2.1981554,2.6296446,-2.9615514,7.0694103,10.030962,-0.23803876340389252,-0.91809225,0.15924215,1011.2625532054332,3851.91748046875,707.9635,285.34732,2738.353,1242.6888,754.4136,107.934906,364.87842,166.28026,188.05063,319.4042
-MMz1AKw0f5ctqHvdOBX.-MMz1Etb5pQopv2nAPCl.-N-XMlptaS71zPepGNYK,5.913776,4.508047,-2.2816992,16.301764,18.583462,0.2992623448371887,-0.663193,0.31228113,762.9774159702438,8955.734103639921,780.2762,2929.654,3625.6287,77.06941,489.84213,135.472,526.5783,449.1547,83.34832,227.98314
-Leu6QgJBXXLZ05wnJiB.-Leu6Ukb0nX9-CN6BCey.-Leu6nqdzAf1JpO3faW0,4.3282638,4.8198657,-3.9924312,18.27556,22.267992,0.8486694693565369,0.82283926,0.24728966,1326.9003924601159,10709.255765259266,3462.5981,4087.5015,5244.3257,1859.8303,1601.3651,1272.8193,2225.9478,870.32495,567.08154,136.55203
-MpBDMbsdyhcLwWL-L3_.-Mt7hWHCTEk3gen4-V79.-Mt7hrrEQ7vMTfT6qJTh,4.476707,4.06537,-3.043966,16.082762,19.126728,0.5731925964355469,0.035658598,0.24585867,1138.5757654974595,10217.698072751364,430.3217,3569.5117,3904.019,1891.3174,1495.4386,2100.895,857.16766,1248.9036,575.5363,573.90344
-Ll6O1Drda67zTGbu6UM.-Ll6OKVLeAg2rdgD6T96.-M1ZWI6Jr_CO_hRnPbVS,-1.2235672,1.7055339,-5.4008284,2.7614675,8.162296,0.08789731562137604,-0.24926972,0.104332566,1875.7581214288443,-3956.205387175083,370.87448,370.2453,1907.3477,2780.3655,1083.6621,957.5559,779.0468,283.68973,293.25906,322.09692
-LqAlBMdW0SudzsLML2z.-MYJSbRoSK5gtQHT5Zqf.-MagjKMPU3Ibvp3Dl64z,-1.495413,2.8558822,-7.366706,2.4699924,9.836699,-0.8377846479415894,-0.36174107,0.112880826,729.4713629384358,-1407.253709057967,1317.7192,1178.1859,620.8545,159.84526,231.02733,37.602036,139.84575,43.93397,45.709755,34.01614
-M_tIQ11tt91NxaiwXZ3.-M_tISNRNhkLQ3PQv48u.-M_tInT4HHjKJzbgJLsO,0.32614577,2.0968673,-3.7309985,5.1878257,8.918824,-0.15978345274925232,-0.86756635,0.19671202,1229.7072380477866,366.20111083984375,962.276,783.7024,1052.3873,128.18094,228.08444,110.04089,83.01423,24.79671,84.68116,71.17446
-LoZdfzyiD1TbXVNwUt9.-LoZdoaV8MW3soIRWR3b.-MGwciJCyBfWfzSG2ClH,-0.16733944,0.71286553,-1.5459607,0.97099006,2.5169506,-0.409207284450531,-0.9353497,0.09072782,439.97287523186964,-74.25997619330883,125.39895,45.001747,168.88998,21.84955,27.814787,8.926018,12.549653,8.268367,21.195936,8.949972
-N1HyPmDE0QTEp92yfCF.-N1Hy_lxGTSOVSsrMUdr.-N8bfHiRhj7zhnptJCrn,-1.621273,1.3141211,-4.243519,1.3138757,5.5573945,0.26467761397361755,-0.5253861,0.05538392,823.861710026783,-2634.27198044459,422.05838,671.4342,1039.0527,497.81696,437.16296,219.26662,128.33228,125.78318,134.97632,28.581463
-NZ0Hedjd_W7CTtpmcB4.-NZ0HsjCIuh-tmEjQBMh.-NZ0I7WBhXYqiziWTq7M,-0.38137478,1.8863242,-4.7850227,3.5260162,8.311039,-0.27649399638175964,-0.19273186,0.10197604,22.772800493829287,-806.1749853889147,1602.6561,722.6299,1157.9999,982.2677,1061.3073,776.9573,734.4827,120.58929,427.19125,165.93541
-LxPzAAXRuoplPdr-PRR.-LxPyKw7jx3j1Fa7bodz.-LynJi0PiFF-67i_ii7F,1.2373806,3.064894,-3.9643815,7.307839,11.272221,0.0398520827293396,-1.152537,0.12743783,374.09479489158105,1407.71142578125,1327.2212,232.68498,1928.9098,311.29367,600.9335,286.8495,119.541405,76.046074,58.953026,2.6986609
-MlncCIzfvXlSdE6UGOX.-MlncJ6aZgLuy5QVF6mv.-NXigV3J-UyDFseQdKbT,0.17239334,2.2867203,-5.136825,4.480615,9.61744,-0.4327886700630188,-0.36040378,0.13287163,327.795688745431,249.6262689034144,1031.5862,668.7639,697.2792,1735.8326,419.7798,239.62706,420.69778,162.57568,38.388416,219.41736
-NTT-FIWrJI9eSH_hcTK.-NTT-Jk0BtjKa5OUWlFl.-NaFt9AkCBhON_ru2NpG,0.666748,1.5737278,-2.5391688,2.9893582,5.5285273,-0.46126410365104675,-0.68451643,0.3103187,145.9080894060292,101.69334598382314,156.91904,35.948025,56.043922,27.275244,2.8087945,13.213772,4.042757,7.8901825,1.2770149,4.500474
-LilnSmSyM-6usWD64ZZ.-LilnfIIotZ2luAuWpsh.-NMcJwOhNytz2TBuQaBS,1.5504563,1.2731361,-1.5630822,3.438464,5.001546,-0.8165497779846191,-0.5304227,0.10602224,406.56834308271186,1638.4116303424041,417.82584,470.92896,538.8821,235.93935,300.67532,120.40058,154.992,76.12899,56.591293,67.96278
-M6-QjmwXWma5gqkcsIR.-M6-Qtsa2jMT6p8etbkQ.-M6-R6rSBqb9B7Oq-MX-,-0.776059,0.76218307,-2.5525246,0.55132836,3.103853,-0.48680275678634644,-0.55079556,0.053985745,882.7053296473066,-1334.8222756783168,303.17093,245.42804,530.60455,513.72437,192.29184,245.63014,58.20357,194.86229,40.044914,19.911106
-NVTRcHI_DN0HFIB-rIF.-NVTRfAHONk1dEPs4Aue.-NVTRpDKRlDGxNT60PFa,1.9780352,1.2512436,-0.47139823,3.7145572,4.1859555,-0.6082054972648621,-0.91958094,0.07414746,465.44785806444617,1726.9914635419846,608.59064,50.424156,186.62486,401.36273,124.39141,82.79015,34.35084,33.944168,12.615509,47.174397
-LnvJOiOC0hyFobuXd5Z.-LnvJXkkLJXEjgCjvJG8.-LnvKp6ZT5yrQqaGpgTu,-9.787795,10.486049,-36.770668,8.789974,45.560642,-0.8134951591491699,0.29570937,0.70368075,939.2643569722466,-19726.80078125,7697.927,5736.7236,6788.384,4382.981,4800.827,2326.752,4274.7666,2106.269,935.58057,746.29865
-NeMreqmG_AJT3wdYmIR.-NeMrl1wnG9vXRJZgzVd.-NhfMnRtrKdCbhoTYpdM,3.0956697,2.7764678,-0.8675797,11.949467,12.817046,0.8574863076210022,0.47166157,0.34819603,503.12834582936614,3478.168701171875,1491.0724,888.6579,1194.1278,315.7024,125.33054,359.8618,237.55327,110.75419,229.97018,131.94955
-Moc0BVPVOr60FcVWR7b.-Moc0LZ_JePj2ozbLWp8.-MrW-P_QIjx9caqyU4F7,-0.79802,0.63523823,-2.0325146,0.5044322,2.5369468,0.29750141501426697,-0.7992761,0.0472793,628.7777267452688,-923.1424862543741,82.33163,60.443977,407.16812,266.51517,64.12739,86.287125,17.173643,60.400105,23.73848,59.948776
-McTE93UrKnjhI90CwZI.-McTEE2gtxh1sY_mXoBC.-McTEJUv-mG0RITdaf-1,-1.3334402,1.7859799,-5.159636,1.38637,6.546006,-0.40662047266960144,-0.8915739,0.121231556,268.3237170718467,-858.9175597031912,654.67596,316.54297,293.6303,117.60155,179.47656,41.398407,55.55995,5.601778,31.311611,7.560919
-LhsorPQ__UewrB6Zqeu.-Lhsp5KOfiR-ngijzg2c.-NlNR6Afrhpv4295HAT_,1.5197068,0.7393835,0.31112862,3.1795456,2.868417,0.2852020859718323,-0.75887513,0.06151402,350.04810118400366,1130.937744140625,84.81645,54.544373,272.69394,252.7692,30.503777,24.53243,10.713424,27.835102,13.797265,4.3760386
-LeGC3EwPfb82NnUGMCl.-MZHq2ZvV4ymKRv_LYLK.-MZvU0aislI8Y53tV12a,-0.0021347636,1.9226316,-2.944663,3.977284,6.921947,0.34858080744743347,-1.0099876,0.10857248,56434.73917466796,-2.9753896184265614,524.11304,442.8083,1313.8087,699.0739,795.69946,133.90282,217.93396,339.0103,95.31285,105.62149
-LnRfNk8_xBNCpmbZq50.-LnRfczH56-Et4DkX85f.-LnRg32jrklA2cuw5vEl,-0.31917825,0.9266942,-2.3432498,1.5194757,3.8627255,-0.13619369268417358,-0.8817475,0.06246969,576.1982080350475,-416.73613969484967,223.41515,684.40137,57.428123,244.67134,313.04156,139.21854,63.714996,108.48965,37.866623,55.86253
-LsVlMLffp0SgAp0tEX8.-LsVpvvNc5iRCKfLMuPm.-MP37b09RK2fe5T7AlWT,-0.95154005,2.4478154,-5.1653686,3.5534058,8.718775,-0.1330859512090683,-1.0631236,0.071333885,200.68382768287915,-1708.896728515625,2043.7098,1155.4901,1726.9055,900.75134,166.15106,204.75415,263.34283,418.37936,11.368165,83.35398
-MTeBF3C-2_g29YeMrzx.-MXfc2j79Rc7eDmd-MN_.-MXfcjYb5SCfb-sI3AGE,2.8973336,2.4053566,-1.4625953,8.512557,9.975152,0.18942756950855255,-0.46476388,0.13090038,1181.750546230423,5654.67578125,1963.2119,930.48944,2012.7339,1109.9141,737.68,416.65573,313.51813,245.85513,141.1034,192.84727
-NH44iQMs9g_9-63iJgm.-NH44xW2DdfHpYlVFOsr.-NTSNBe5GR-wkcwz49Tv,1.0235579,2.8263485,-5.077323,5.9594073,11.03673,-0.39337536692619324,-0.52014256,0.1552093,-174.46598079723705,1837.6954954862595,2236.7297,1265.9272,2162.7327,621.75183,590.03436,484.0544,353.91183,314.12616,295.04294,199.81711
-LoZdfzyiD1TbXVNwUt9.-LoZdoaV8MW3soIRWR3b.-LoZe1b9BXOjRmHSl52a,0.36518398,0.9378045,-1.3638395,2.511897,3.8757367,0.273073673248291,-0.79082155,0.0885157,386.3828608773646,174.3101043701172,102.92798,57.38534,271.26358,88.61379,39.367363,37.912273,26.023907,10.497679,10.319051,19.764254
-MlncCIzfvXlSdE6UGOX.-MlncJ6aZgLuy5QVF6mv.-Mlnhx1RnLnC42iGcvg1,2.875303,1.9833496,-0.17242424,7.1072645,7.279689,0.45707738399505615,-1.0566307,0.07700801,493.4126567855496,2597.5682537953057,1114.0919,360.16592,169.83917,381.34073,69.508705,112.38196,61.44683,173.24164,30.49643,67.38785
-LsVlMLffp0SgAp0tEX8.-LsVpvvNc5iRCKfLMuPm.-M-n8ziIsa7KDePB2Y4L,-0.60896975,1.8444463,-4.160862,3.9946134,8.155476,0.33983179926872253,-0.4414487,0.07711357,1528.810236403977,-1711.1942954063416,1271.0564,503.3576,2681.1655,513.5071,1243.5377,510.86053,1244.0514,274.53354,296.11606,262.4191
-NgIeMFBrq13mUfQG-Sn.-NgIgPT2ztyNyoni6moM.-Njvb3MSs3oB-1ugN8aR,1.589064,1.3251356,-2.2758262,4.5321374,6.8079634,-0.5856467485427856,1.6207447,0.13137825,511.3613570708793,1376.40869140625,563.7831,185.55624,372.35696,256.62775,168.06506,229.12451,65.118484,95.3926,51.738148,52.50036
-MZqL_yqB_LAFz2FdIAG.-MZqLbc0GFn2t4D51T05.-MZqNg9ynirUz6zcLFuj,-1.3858411,1.0249572,-2.930417,0.830745,3.761162,0.3566019833087921,-0.9636123,0.063832685,489.9243519382167,-1479.2734375,416.6896,266.23398,282.74307,439.49066,196.35617,142.27863,126.021065,23.075466,34.036312,55.547966
-LhZ7r-p4msytop_Vgt9.-LhZ8BI0riAuNBl6dbPn.-LrSpxpv1L7Wzt_9NCxE,0.31155467,3.053979,-5.2449574,6.603458,11.848415,0.16736280918121338,-0.7286148,0.08714372,3986.3825105224464,701.1393432617188,3923.7766,526.78204,1927.2345,1377.2383,456.01273,1003.3215,35.546062,262.2056,504.59268,595.99414
-MSWv5SlosprB_aFvJYo.-MSWxCHFz9KWgsjZCGR-.-MUmNyWC0Y4ywyBa-5Ft,3.21115,3.293026,-6.394885,10.390008,16.784893,-0.1784212440252304,-0.021625519,0.2049138,863.0410665091108,6915.921551302075,1816.457,1698.7008,3214.2976,1819.3883,923.40125,1329.6458,700.75195,541.0825,738.86334,203.41425
-LjL053LDwz53ECJceWS.-LjL0WQ8L4ws1NV7CsBK.-MNSnYr9fkqIe1LDRiw4,0.6640696,2.994204,-4.061054,8.110586,12.17164,0.7140483260154724,-0.06837392,0.12623632,638.7438503083451,1037.329345703125,1473.9728,2340.4287,1543.7365,239.3384,283.15417,590.8857,491.3905,225.1654,109.69428,166.51764
-Lhi_hQB4d9hP668bC18.-Lhi_pFqfsm7Fzt3bPH5.-LpWuPXmcgHBeCYIWeOn,-1.2006243,4.2198234,-9.929464,11.442189,21.371655,0.41477280855178833,0.53266025,0.13733792,2419.2630665133433,-4224.401201725006,7393.356,2814.1514,4969.1284,987.9929,2243.497,2130.646,1124.8832,2404.9734,761.7248,443.9526
-N8XiKc09fUsptA2VdR6.-NPRfVAExsYPU1c1ynqL.-NPRffDgibQ1z9EZadzy,-0.659854,1.5457653,-3.041015,2.5884957,5.629511,0.6403623223304749,-0.66692805,0.1163128,717.6901508266972,-749.646484375,198.77255,871.3734,473.85538,647.95465,135.25441,208.98927,74.29046,58.49434,15.183341,90.392044
-LoyElDz7n6jv9EmAMw8.-LoyEzohKY7MdkaYfB0S.-LoyF_LojJ3_pn7thVpG,-0.031240197,0.6757698,-1.7521223,1.7534534,3.5055757,0.3330725133419037,1.0528836,0.042420745,4230.753380173966,-38.31644821166992,212.1814,407.2264,137.56154,192.12474,175.22269,147.96513,98.805466,22.146564,16.95426,8.788762
-LxPzAAXRuoplPdr-PRR.-LxPyKw7jx3j1Fa7bodz.-M-xVdD3mx1FeQEiElcE,5.3360133,4.1048155,-0.52412534,13.188686,13.712811,0.1322217881679535,-1.2070173,0.18892598,353.7711685828731,5055.97180690368,1643.4901,1467.6343,1523.9113,385.271,183.39008,220.33534,79.685,256.55927,178.88397,121.49086
-Lp2Zitht1JMuO9k0Xp_.-Lp2ZsWy0LCBfO3z3lw0.-LrxGTQaX9tGZYyWO2ez,-0.26518226,1.2238243,-2.9729896,2.5519056,5.524895,0.2885826826095581,0.07548094,0.057179086,186.83483953672112,-347.368896484375,434.53302,706.71375,380.11288,627.2693,143.53786,189.35648,101.030014,38.980724,58.708878,56.140724
-LvoI8jxvpTso__21cwo.-LvoIIF39PRqBSaiRI1C.-LvoJYV7uOV0RRAq49oC,0.21502583,0.6055284,-1.0246748,1.7770153,2.80169,0.16936303675174713,0.058147907,0.115327105,452.4844421492272,158.25369262695312,126.414246,116.20691,186.17252,119.34957,73.938385,72.318146,26.707733,19.39583,74.42031,11.714318
-N5o6OG-NaXWj3XK1OVn.-N5o6SnZ2XDQDoh2sBdW.-N5o6X5udlUhAGKuskbX,-4.4547644,3.6370542,-10.280794,3.2785168,13.559311,0.4703691005706787,-0.41065764,0.12711906,319.33705840785876,-4672.32366335392,2161.8447,1466.7665,140.27345,575.85614,266.76807,40.726036,89.72823,97.49349,78.861176,74.9283
-LnHernN_fpHMmekEDg6.-LnHf-cbftVM4CTskSYH.-N7KmCA2FpZoX4lPAP3J,2.0718603,3.9306817,-7.9737935,11.48054,19.454334,-0.4579201638698578,-0.25013757,0.7829697,1693.7555740322384,5529.9500868320465,2898.7244,4851.847,1468.7268,280.52832,2360.5964,1127.1654,1923.1005,312.87964,691.6921,533.5633
-Lhi_hQB4d9hP668bC18.-Lhi_pFqfsm7Fzt3bPH5.-NKHU0Bucjt9CvXDVoAG,1.7533642,5.1943727,-11.594684,11.645717,23.2404,-0.43990007042884827,0.31623793,0.21048641,524.5748957912186,2160.784912109375,1930.1646,1265.52,3704.2812,749.43353,864.1232,207.31537,495.36203,87.15924,112.26259,127.35956
-LtYy4Zza7zo46cmS_Q0.-LtYy8eU4dAOsrKzb1IT.-LtYyRvDbyvMzGnfBO7S,-1.5034753,0.8690185,-3.5402238,-0.19684163,3.3433821,-0.3692062199115753,-0.76487136,0.06352413,353.363600051604,-1128.624755859375,203.0681,324.91943,216.74608,15.944521,87.20889,88.07819,34.232243,38.066486,20.940899,20.292318
-M35rpcnqO-CvrquEW4i.-M35s6FyCzBr7tqbBZ2X.-M3QhdiZCdkG2130x8jF,0.29674304,1.1512892,-2.7986262,2.3626506,5.161277,-0.5670110583305359,-0.16668272,0.06633824,801.7429021018376,464.10958601534367,430.63223,467.4466,442.53012,876.34235,157.22542,187.62408,350.97067,44.684982,161.88531,103.53842
-LoP7_n5ROEawdOTAeDN.-LoP7y1mZ9A1bOMfEnJ1.-Mj8QfTExOn6BrSXQ-uz,6.211537,3.2878928,-0.33595157,14.959504,15.295456,0.30485963821411133,0.1965146,0.20742059,700.7053913739226,8886.236180146536,800.7708,986.97235,2070.5688,1759.4498,1186.6036,87.22717,283.78488,428.28885,333.14215,198.1712
-MDTmoLERDe_ShRyv5-Q.-MDTnvVFk6hNNMCX7N6t.-MDToYtkMS8AnzCb3jMh,-3.178877,2.8413095,-8.04909,4.3689528,12.418043,0.6658287644386292,-0.44323778,0.11379099,1417.9580956550094,-8301.657152334848,2196.7834,855.41907,2426.9153,2442.871,2511.7966,430.4101,1059.2582,297.93228,995.44836,392.00528
-Liqed1uh_xpZndFZ9r6.-Liqf2ClUt0JYEFnzY1N.-LiqiHGhDdRWCyrVasmu,0.83677965,1.424993,-1.8985977,3.0264785,4.9250765,-0.34320101141929626,-0.96906495,0.09156231,889.5102364469022,1034.563720703125,954.61487,411.43802,380.20435,433.7679,272.1656,68.312065,74.102,14.924302,155.2287,89.44461
-LoP7_n5ROEawdOTAeDN.-LoP7y1mZ9A1bOMfEnJ1.-LzpZ9oPn9LucN7Y6gx_,-0.3175692,5.046411,-10.316489,10.21983,20.53632,-0.04917015880346298,-0.8853204,0.11130381,6613.828992699279,-1049.8432230552037,4014.471,742.1555,9014.565,4926.9253,946.7435,3450.5042,1475.2751,1152.1523,717.38605,609.82074
-LrIRVq3IK3HG10yEBuK.-LrISdQltvo9B1C3m_ci.-LveMFRix6Ut0mxy36eJ,-1.4697543,1.7261198,-4.4497495,1.4596878,5.909437,-0.0033245112281292677,-1.1764858,0.09887028,308.29814503950485,-1123.5019676884015,664.7869,252.69333,342.99045,450.8174,101.2695,173.3911,31.010736,61.502033,17.004559,29.220816
-Lhe7Rr0kRFC2_3jT8E0.-Lhe7eO6i15jbPzv7oSt.-LirKnJWETLH76eMCCxH,1.8057141,5.0870395,-9.801767,17.97747,27.779238,0.6097619533538818,0.27086306,1.1570578,2027.1616150321897,6331.53125,2459.4402,7322.4883,4707.5337,5267.9766,3484.4033,2443.9226,2532.698,2743.1406,2125.5122,1258.1816
-LsVlMLffp0SgAp0tEX8.-LsVpvvNc5iRCKfLMuPm.-MOFiMNAz7p0Vrj5ppRH,0.18895936,2.6121306,-5.361446,4.52243,9.883876,-0.44439247250556946,-0.7116475,0.070630476,6238.901453583055,391.9202423095703,3113.735,484.85574,1229.6239,1151.6841,1143.8134,577.33795,256.2869,136.37952,119.20613,123.593124
-LhKVtvaBGb1puFWOmgR.-LhKW39s7wkxN44JF0MW.-MLfqGf7f96bPFkFsGDf,3.943003,4.1715264,-2.2188523,14.641889,16.86074,0.7478485703468323,-0.071808815,0.14694047,1254.6484261810817,9686.1630859375,4215.588,641.0233,3231.4412,3349.9814,2976.7297,1486.2328,962.2096,70.25709,196.59096,425.88873
-N0FhDYqiqHH31WXQzTd.-N0FhWIWLlfhNHWd_LCQ.-N0FhpvzrLgc9zMwli0l,-0.15859856,1.8203869,-4.454992,3.553037,8.008029,-0.40484341979026794,-0.48614883,0.080539644,1847.2162041089675,-387.0508102973302,1199.0659,1290.7966,1657.3287,1121.4688,1013.8255,939.13367,93.35234,774.0954,342.11517,156.35864
-MJB4GdKwPjYzk2Jc6BO.-MJB4SEPgZJWGvv-xsDg.-MNNHUJsAgXCY6bQqd02,-1.1461021,5.632381,-21.513851,6.479785,27.993637,-1.944869041442871,3.878285,0.22021055,595.4494099084397,-3391.061279296875,5171.88,5091.617,5229.058,4769.6997,2873.0544,4638.34,916.1327,687.8083,1392.4749,1030.7758
-M0vVoToinppZy7nMz_W.-M0vW5LHEN52oFzjype0.-M0vWRdO_vIdlQtnkVMt,0.9603199,0.4761473,0.09124683,2.0987618,2.007515,0.24748454988002777,-0.3157735,0.04059702,441.4398311890014,758.0802334149679,131.45143,66.75536,161.62875,6.8090825,134.2247,46.964096,30.752632,23.40797,8.641929,12.577497
-N5nUuJdJeHlXuKx_e3T.-N5nUxjHbMH5Sh6qNSeB.-N5nXzlS5_lExrJIvccB,-0.40632585,1.1332059,-2.1596315,2.5959184,4.75555,1.0049190521240234,0.5257032,0.06629562,526.7835296643032,-315.7790832519531,450.9109,263.55475,281.2866,145.8284,80.24792,68.14304,37.12407,24.011026,28.583326,22.520807
-Li78_-q6o1fQuak5tjs.-Li792Lr928udbQJoVff.-MISgvB32UHXBU6UONi1,-0.41323996,2.7686808,-4.8078275,4.9656453,9.773473,0.4191800355911255,-0.92050195,0.52426684,-15.419679120558829,-581.3209838867188,1453.2075,1196.734,1349.7661,335.17627,1160.1653,594.4671,375.2529,365.83163,96.58662,269.0615
-Lhi_hQB4d9hP668bC18.-NJnbybnfglLVaLUOmiV.-N_Xufz5WCnoXnnO-o3p,-0.27610597,2.191884,-4.529111,4.5021095,9.03122,-0.05090134218335152,-0.79202867,0.17818367,2451.1181803193635,-597.5364990234375,2101.3237,520.8004,617.12585,1693.4548,871.382,1169.3254,737.25916,290.9316,433.46414,164.92554
-MROkmsNd4l5fOTJ9PT-.-MROktPij37cL2mmx0zn.-MYJNHQ8NlHzKiRQyWc9,0.29572737,1.526583,-2.6124594,2.6301475,5.242607,-0.3591417968273163,-1.0213839,0.06568,165.66968961591706,491.14691162109375,881.79407,615.9095,1176.8091,61.443317,642.9032,372.13098,143.6271,125.1158,30.493008,188.98169
-Li7Gw53VbA92RZ3ABZB.-MCQlGPby1FwP6LYzmc4.-MMF8uWsRVb-g6rRyYbi,-1.2044697,6.888139,-18.533367,10.832367,29.365734,-1.070206880569458,0.43034363,1.2505506,207.72907714321553,-735.5335067113241,2351.2822,1445.2423,750.82715,131.1208,781.84595,259.308,80.280815,299.44778,198.0806,394.9926
-LjV7xs7C-72wzKZEEu-.-LjV85uT0YsZ6d0aFabD.-MGltSKOtYRVvF585syg,-0.84131444,0.597407,-1.9101439,0.09723997,2.0073838,-0.01791083812713623,-1.1178563,0.07044962,209.77026221226626,-322.0,75.60353,103.75295,46.98842,78.720345,24.352137,17.743393,17.731577,4.7469625,12.994662,3.0312912
-LdrTsYATyDSsUUBxmKB.-LhjJCGm2Luh1eWOSmy7.-LhjJmYtE2skVeuiTHGo,-0.24417378,1.0178487,-1.9050922,1.8721201,3.7772124,0.6072519421577454,-0.64163065,0.05454305,381.3284280141776,-148.62364196777344,320.2008,276.1149,90.91567,60.45344,32.83683,28.312202,8.317795,37.453373,6.923389,4.779187
-Ll0UTScexvptXCdayiy.-MAQOdPBzpG9d7H2Jxzo.-MAQOvSmb-WyAKNUm-gd,-0.89240646,1.3048099,-3.441736,1.8742851,5.316021,-0.14932872354984283,-0.59306455,0.076977015,859.9987358841407,-1592.8534577886264,356.7776,263.31387,1077.0854,786.73395,544.23566,407.24466,347.42642,192.73419,140.87195,215.96262
-LkTO1CuQrlaMdFEn_ar.-LkTOAdl4dn0YRMx1iA_.-LrxDDV2mxQJcn6DlmZk,-0.54160553,1.2941023,-3.2386181,2.1783357,5.416954,-0.2953123152256012,-0.63859725,0.066043556,449.06488836536175,-1163.716145336628,1093.8457,192.58597,843.695,1127.1438,277.86877,362.48795,214.9748,229.1668,332.88528,420.80283
-Lc_d-g4yyU44NLZYjLv.-Lc_dR6iUjsYfyL3NJc5.-MtlWCvpKqtX8hKWtfbX,-1.1972194,2.1141267,-5.536887,5.537889,11.074776,0.2392423301935196,-0.11648631,0.78168476,478.85524233415805,-910.676099161307,618.6821,144.12677,672.6134,201.91728,500.4446,103.513504,175.548,168.51811,183.23743,38.17128
-Li7Gw53VbA92RZ3ABZB.-MQparOJxbnYW_9CEOgq.-MQpba5bTYWhmuD14Ttm,1.633534,0.82301444,-0.5159389,2.8287656,3.3447046,-0.9284786581993103,0.12090087,0.053142846,438.3968803527693,1594.8331310153008,318.42368,372.3064,103.285385,193.93138,87.94752,123.93783,56.711548,23.961285,34.092453,54.86897
-LpbEwSGv0-3NvLvZYNG.-LpbFBnTf2RC65JpoeRo.-LpbNnucMWWKtybJyHpx,1.181669,5.606786,-8.137312,14.75276,22.890072,0.42865216732025146,-0.38023925,0.21190071,-197.262245250292,1986.095458984375,3729.628,3600.1138,2952.984,2107.6052,919.89105,710.3711,1261.8711,726.99567,701.6859,674.73883
-MUDIcWtRJGFt3XdDORq.-MUDIhcYfnpDcIKBf5FO.-NfVDxI_P7VYvm83TTki,3.6752965,0.71292603,2.610342,6.7206197,4.1102777,1.0483721494674683,0.79682016,0.3481338,534.0938550631636,4087.1767578125,312.28357,173.84035,192.55081,143.02446,126.81203,192.27399,131.29611,18.006191,73.26257,54.224525
-LjGBIYnULLBckx6_33e.-LjGBSWiBH-PwIJV_e8T.-LzHF-Fp32y60WypZpwe,-1.6692015,2.1739652,-5.4148893,3.1033776,8.518267,0.24480260908603668,-0.82782245,0.097198695,1061.6224637362288,-2800.52783203125,579.38806,526.84094,2019.0164,1094.4999,543.1998,371.03198,360.60565,48.661064,271.789,311.68137
-LhA7iwTeQapDTyS-SYT.-LhA7u7fdAzf-Ce6-nAO.-Ly8n6pYmY3XMV6zfyCd,0.99089086,2.4908817,-3.3648448,7.300216,10.665061,0.3894443213939667,-0.4366181,0.10935187,1800.5217478091172,3235.8383104403815,111.24735,1194.7,3016.8096,4199.0874,316.4806,1516.327,244.61014,1115.3522,854.43787,136.42047
-M2bvo-7AnonkE8qaqvj.-M2bz8ZiOLFfos1iTm0D.-M4DDDXpo9Z0xeGc5KHp,-0.6813867,4.308654,-10.307487,7.672388,17.979874,-0.5874996781349182,-0.38501596,0.15136576,-1084.5876233915353,-1517.4749755859375,3832.3975,4333.4507,1503.8616,1557.8679,2119.0007,619.7416,568.3043,739.80554,1175.7552,186.36182
-LiHdzI8lpqzkkuRhCf4.-LiHeFL-BtOWv8dfGtAP.-LtOJzNDQY0Mm2fDnTJQ,0.47520483,0.6160169,-1.0425512,2.1108606,3.1534119,0.1988542079925537,0.24172711,0.051810294,745.1747016325589,605.7598876953125,54.5995,78.77215,305.48877,279.06833,263.26175,101.82675,170.99153,109.67119,70.31356,10.778253
-LeFwjQg8H2YmqKWub7l.-LeFwyQRrBy5fhb9uzcX.-LepRQ3_-mTMfU_fiY57,-4.496996,8.8919935,-29.635132,16.449358,46.084488,-0.7594605684280396,0.33296943,0.87194747,1132.9501569976387,-16017.462890625,16098.521,3345.8982,7155.89,5996.927,6865.1045,5696.589,1828.6079,3072.3088,4178.6826,2684.2546
-LfT9PcuzeyBN4p2B5D_.-LfT9ZUhyem8y37kNU5a.-Lp7guaHD80etRLDgBOx,-0.4112152,5.7693477,-15.276835,13.300324,28.57716,0.26732516288757324,-0.11759138,0.73035145,-1254.7588642695935,-1102.3392333984375,2950.1787,1057.7262,6838.8687,744.9906,1574.2312,3588.8916,4823.1025,2890.7937,699.93396,1253.3364
-Leujocx_cjh-Ci6MrBu.-MHVHmFIrmK1XR8TJab3.-MVQu_PBPRokV0snIqRn,-0.48962346,5.014767,-13.554186,13.966932,27.521118,0.13186916708946228,1.2813773,0.20415656,-648.2441574584599,-1038.1705904006958,4702.899,392.2474,4908.9424,365.4973,1386.6929,1316.939,670.6151,2193.8557,980.71564,481.96344
-LhKVtvaBGb1puFWOmgR.-LhKW39s7wkxN44JF0MW.-LzB6d56uSp7a6UUE9m1,0.2003404,2.3228793,-6.108605,4.0616937,10.170299,-0.8328340649604797,0.052700996,0.07491809,-3900.0714890870267,466.72040096918744,2571.857,1313.8893,1964.967,815.7231,410.28452,543.1068,734.45245,428.65805,367.17923,630.3744
-LsVlMLffp0SgAp0tEX8.-LsVpvvNc5iRCKfLMuPm.-LsVq21gqIJ6_ohmrTk6,-0.8959606,4.261923,-9.819585,9.854122,19.673706,-0.07425747811794281,-0.5008607,0.57784915,5067.125416444975,-4885.181437214215,7315.6235,7777.1704,2083.9602,8193.052,3011.8254,3400.3752,3561.178,4404.207,3441.9443,1726.8644
-Lpb4l4JaXOMbKBkV1QN.-Lpb5-zaezaBKm5FZCiW.-Lq0UdzmueIqRcVQ0p66,0.22504222,3.8290865,-11.717247,7.2744193,18.991667,-0.7297003269195557,1.0377407,0.14890432,-404.7264881524262,694.8990746339163,2793.105,498.68634,4592.64,3438.292,4579.7715,934.02045,765.22955,768.41956,203.49704,1321.7816
-Li7Gw53VbA92RZ3ABZB.-Li7HAzKrOiI0a1m1y0I.-Li7IEEugRIJL0wIqfu3,-0.10130436,0.4761915,-0.95950454,1.1115272,2.0710318,0.2462587207555771,0.034486294,0.0616107,10.115050304380432,-61.32913211981455,118.67687,111.686806,72.28186,67.93821,56.563427,41.76594,22.591583,9.457068,7.7068534,12.822565
-LivscGJhM_bffA-hYoF.-Livsj1eSIV9BzurR4DV.-LkcJ6Xwkmu4N8fNG4qn,-4.48343,3.8518908,-12.608244,1.4639038,14.072147,-0.37460437417030334,-1.0614091,0.19283581,1066.1120577944341,-10702.7646484375,5255.63,1701.8832,1536.6886,325.7566,617.4124,1108.9999,1899.411,1214.4879,682.84,991.7638
-LeGHgjpZ_PHBerCO0qQ.-LeGHr_FnC7X-PeYv4MF.-Lnl4oRD1elqPUjs_mAc,-0.91038704,1.7190918,-5.6660953,1.5338064,7.1999016,-1.1543114185333252,0.7205179,0.11078119,979.4200604741366,-1241.5912812948227,1171.1467,660.90076,301.45752,579.93933,557.39325,315.09387,201.80963,256.0953,61.252502,79.20095
-Njqgo_HorjBBm7OGLVj.-Njqna3azJFRbEqbSoST.-Njqnl_zAJtViOHLMKIl,2.1997204,3.464138,-6.3408318,10.263626,16.604458,0.14462102949619293,0.051306486,0.8107946,322.9116221821332,2016.9583740234375,835.306,879.4797,1644.3594,449.99683,426.32693,367.90155,373.158,201.07587,109.7307,164.36192
-LhtgDx5KeVU6cU3K9Dh.-LhtgZ-OCWFD-YL8GREj.-LhtiMzzqfPerUfFi7Dp,-0.8507402,1.8583621,-5.646973,2.1892588,7.836232,-0.7366700172424316,0.47185612,0.09083986,794.0610829271016,-1272.1917179425557,1166.1097,1241.103,460.51147,461.4679,498.853,498.78867,140.23703,83.59527,56.42264,60.59732
-M2bvo-7AnonkE8qaqvj.-M2bz8ZiOLFfos1iTm0D.-MBIQE03JXylP7d7a20v,4.9247637,7.9487925,-10.484732,20.72402,31.208752,-0.08863479644060135,-0.8080914,0.41376495,1030.0892908848907,8314.96875,2283.3323,2079.366,3308.6743,2725.0972,7692.438,1154.761,356.84464,332.82037,614.4718,257.2436
-Nq6dZKHtxigdFzC7K7U.-Nq6dghvzdcbVcB5n6ho.-Nq6dod8ONBvfESJrpLs,-2.2648473,1.350365,-6.059496,0.18188193,6.241378,-0.5873934030532837,0.41785526,0.06901336,684.1593834653158,-3162.1445161898932,396.01892,1069.7059,70.79725,145.88144,586.7057,205.32903,138.07707,40.928806,135.24144,71.87448
-Lim3WQ1HgxKNt2gv-gq.-Lim4Dw3Qcgfi3SUInGM.-M15Q6vYxtR04inDvsPN,-0.106286265,0.97612226,-2.783871,1.6179016,4.4017725,-0.6844324469566345,0.27051163,0.060251474,1101.6055118153859,-173.97747802734375,45.026333,516.4827,667.2819,492.10004,123.057045,374.08795,266.16772,138.0324,122.88157,70.27669
-MDy83AqY-PPiizliRze.-MDy6b4jlA4XPNfg1h0h.-MN3-lYmWxPzxSgCU6-v,2.891941,3.4361756,-2.2911925,10.094058,12.38525,0.28388434648513794,-0.8582747,0.11570048,644.95430760616,3507.0965742866197,2589.963,1170.4589,596.1521,329.81485,168.58095,223.41151,136.5994,119.95896,30.776548,60.43124
-MYi7zRYMQ0Kilz5luEH.-MYi81LZbNwySbneLNcl.-M_ZhrTkBVZWoJVFItva,6.763707,5.5318866,-4.205845,19.66761,23.873455,0.5411655902862549,-0.039935827,0.28638077,695.979753999495,8947.1142578125,975.2888,2215.4734,3156.2593,2988.1753,342.76077,1128.9425,512.04236,403.16605,116.80681,216.53539
-MxJKNq4xor_EpVCTjH8.-MxJKWFQrgsYiA1VgQOD.-MxJKjhHDN6P3gz08eeE,0.18340409,3.9625497,-7.7583575,5.9241495,13.682507,-0.358572781085968,-1.1425202,0.46675903,-2206.8578722210736,292.65789794921875,1552.6483,3622.0103,1799.9333,129.39018,388.99124,337.24692,303.62122,358.90628,288.4283,199.75027
-LhZ7r-p4msytop_Vgt9.-LhZ8BI0riAuNBl6dbPn.-LlfLcH9hQ4qak4xY0pC,0.20967953,3.0759237,-6.9240465,6.555307,13.479353,-0.29210492968559265,-0.027881622,0.09227562,5442.450342316066,434.9676208496094,3486.978,893.8671,2176.019,198.82538,1115.7637,1191.4233,220.91544,193.15512,142.00613,241.07019
-MYEQzR3ToSh4GRLSIMW.-MYER3l2D2gbCmUtaz6K.-N1wMXPUlKHE14DjDqCR,-1.3174459,1.6972656,-3.744671,3.1380112,6.8826823,0.8027699589729309,-0.07981157,0.13010508,562.4578366331536,-1707.2170820174117,568.32477,820.50555,1042.1477,296.02252,156.88095,161.75874,163.65562,250.64798,289.06235,19.074326
-LiRv59cby4dDJ4r2Pt8.-LiRvJW2y2opdZ5s36FC.-LqeHSklg4ryQVov-W0I,0.3996292,1.7619008,-2.703174,3.6447837,6.3479576,0.022781526669859886,-1.2900338,0.07694256,530.2644888362989,539.005615234375,867.0271,1041.4473,746.4463,432.12378,393.20538,152.41086,163.0371,50.89017,90.7726,28.68974
-MqJ8RHnrbz8Xti1wHHb.-MqJ8bJaFrchCnNhkMlW.-Mr158jX3ykClOIktFcS,1.0050894,2.0958107,-2.9299724,5.5075874,8.43756,0.09280131012201309,-0.9368403,0.13420177,770.1542886122292,1591.0600617130597,623.09503,107.72709,2142.8274,313.50385,118.61712,74.81601,378.90717,357.51953,220.37413,6.78416
-LjL053LDwz53ECJceWS.-Lo-r9zciba06Hi4D04j.-MyvBvypDEGbnPYYYFXQ,0.008941351,0.66213894,-1.5390689,0.9737561,2.512825,-0.49107351899147034,-0.56147575,0.05023551,4459.105178891622,6.724957364300887,52.46059,118.273056,307.8424,71.69629,113.7051,35.35242,15.946356,30.123396,14.395474,6.786592
-Lhiy-aOwPuVtIzPKFlA.-Lhiy6zWTxAsUlojzPOk.-Lhj-3xGYb-UR9FX6PER,0.19489345,3.0611706,-5.456917,6.367236,11.824153,0.045036207884550095,-1.0236753,0.12620768,179.74198179131108,514.1834716796875,343.89612,957.5207,1697.0786,4363.7886,1155.9277,2555.062,402.25253,115.745834,453.08017,776.6677
-LiRv59cby4dDJ4r2Pt8.-LiRvJW2y2opdZ5s36FC.-M71mQOg1fdLPLnF3xBR,0.4512884,2.6513956,-4.365993,7.136007,11.502,0.3843115568161011,-0.60512376,0.28243744,671.1906114495473,635.423583984375,1525.2258,217.4534,1290.7561,962.4285,343.40277,1019.2749,412.02048,533.0481,465.29935,109.66175
-Lp8KzB0ah2drMsF5nzW.-Lp8L37kjRsGAgCsLq4d.-Lp8MPSFuFsIyDwpFry5,0.3678998,1.3489679,-2.0825388,2.9746253,5.057164,-0.008223023265600204,-0.8438151,0.064964,470.93305183220116,537.3510311146578,537.5114,731.3743,762.9531,672.32025,206.76187,110.24646,45.781013,73.75849,5.425675,79.05553
-Li78_-q6o1fQuak5tjs.-Li792Lr928udbQJoVff.-MzsOmo54GBbAmkoXdPJ,0.9389397,10.596143,-8.305705,77.885345,86.19105,3.4969844818115234,15.4864235,11.549381,3224.881389893586,1866.595715681712,5823.0776,5291.302,7065.5063,3613.6558,5338.401,2665.4397,2289.8572,1080.7633,2338.871,3192.5896
-M4JDDmKh18ZurYhxiLf.-M4JDfEq2PMWqkFBV4Fj.-M4JEWnL5KZQvse73SX5,-1.1574073,1.2189937,-2.8966446,0.99133694,3.8879814,0.3826271891593933,-1.2605765,0.06612301,379.00605470488034,-1272.07470703125,516.3553,422.12537,249.8562,501.51767,307.40063,159.83408,125.00255,35.322243,18.436686,32.593624
-LlBEMo2wsK41U_i4Ff-.-LlBEbuAIaFAvd6Tsudd.-LlBFA01Ivrf6Uwn6VfA,2.3245502,5.1570377,-7.5622144,11.280221,18.842436,-0.280635267496109,-1.0435714,0.27128983,1073.5015548517256,6383.85107421875,2754.1091,922.54236,7502.168,3910.9248,2272.189,2882.7341,1063.4227,1701.6345,811.4986,257.28827
-Mt7L2Wfvt53LXH0GtaL.-Mt7L76IfXxZd1Zb5yIW.-Mt7LD5cYZ7pHJ6Z9RN-,6.292093,7.0586586,-5.072242,20.107706,25.179947,0.35399261116981506,-0.91131663,0.7898972,1207.5861452389622,14263.490509351095,7197.926,1717.341,4530.2573,5266.4014,2009.2834,1313.1827,1529.2108,2028.3466,964.07043,1212.8223
-LjGBIYnULLBckx6_33e.-LjGBSWiBH-PwIJV_e8T.-NIBozZJIOLDzBuCHhSg,-0.6927777,1.2816395,-5.5676594,1.5685552,7.1362147,-1.4152982234954834,3.1889105,0.13176584,614.9658301579507,-841.2004288037618,443.8633,475.6727,473.74258,339.74435,406.41776,405.68805,255.08186,134.34923,91.72671,144.11191
-LiIGVqcFTTU_qRCRe_m.-LiIGw_v9C8CeF8ppOnF.-MHFTbaEhCFPPZkPf4zP,0.43106097,2.5220742,-5.3961887,6.491631,11.887819,0.14441071450710297,0.052693605,0.22531585,-314.52130828127247,761.8427734375,817.4043,962.9853,1868.079,1510.7631,650.9279,996.53345,290.8232,754.0743,190.2759,139.3413
-LhA7iwTeQapDTyS-SYT.-LhA7u7fdAzf-Ce6-nAO.-Ll1MTvKGaMwuAxEwKfc,0.998766,2.39096,-9.417814,4.730665,14.148479,-2.1676344871520996,5.991358,0.20579672,773.0886515407861,1967.9658203125,1305.696,2166.196,704.5771,1270.6829,930.49054,397.52774,474.24884,470.7026,450.6937,598.7
-M2gsMSjgBDeZhPiRGCs.-M2gsd9LQMlBwPrVPX3L.-M5zho5r1vVGXm66jHA-,0.5000005,2.0240498,-2.961851,4.4957805,7.457631,0.08573926985263824,-1.1889659,0.43603197,2078.4096306078145,1123.0188651382923,269.69028,1727.218,1894.8658,1304.3027,444.59515,290.21445,77.68526,318.1326,476.21658,793.31146
-Lih1-8YhTUk-ZydBu9I.-LuX0jxGpudVjXn46epD.-M150rs6r7ODmtV3THXX,1.2846079,2.8900826,-6.094397,6.7443566,12.838754,-0.46105316281318665,0.16677952,0.08900583,1244.030938035606,2631.82159336408,3258.4133,577.73804,1852.761,862.8486,1099.9686,727.1046,534.04974,261.3226,226.9025,284.08826
-LhKVtvaBGb1puFWOmgR.-LhKW39s7wkxN44JF0MW.-LuqSP92v_pbd2MwB4YM,0.9565507,2.0416524,-3.4165115,4.391089,7.8076005,-0.41081392765045166,-0.67433834,0.06801492,370.7054309692891,1942.546875,1641.8011,189.09549,2238.8657,537.5029,579.79535,343.11328,119.72611,241.22713,149.14938,62.78808
-Li7Gw53VbA92RZ3ABZB.-N1glgPSQZYOfWaU9QbV.-N1gmJaTystSkekC2cvC,1.0913022,1.3521479,-1.6671053,4.170316,5.8374214,0.07445376366376877,-0.2888229,0.091599226,989.2550932016336,1653.176625713706,722.0806,135.59596,662.696,571.35974,412.5112,368.55685,502.58414,246.89493,203.97467,279.9093
-Lviq474uMA__lfL-_Qn.-LviqfAYETU7x_uARUm8.-MKEQqROc22rw6FQs5Q5,0.15250385,1.2152337,-2.275083,3.758973,6.0340557,0.5016863942146301,0.70769525,0.19034529,282.94972601729694,79.59214669466019,174.28156,337.25964,214.82977,65.467354,41.085327,32.192684,57.379303,36.18547,37.993828,9.750153
-NeMreqmG_AJT3wdYmIR.-NeMrl1wnG9vXRJZgzVd.-Ni-BNPwbqyVpZTa2BnW,0.35406864,1.2332001,-2.1233294,3.7787032,5.902033,0.44207334518432617,0.36555767,0.1305579,632.0850370948542,409.4532165527344,182.4138,302.51868,299.12143,792.87415,161.08655,98.8611,274.39758,199.2324,75.50524,46.993534
-LiRv59cby4dDJ4r2Pt8.-M-hzccCF-S-YfW3Kznz.-MMt6z7aMyEqcU5RvqTA,-0.7306819,1.8684117,-3.737836,3.6849427,7.4227786,0.6622687578201294,-0.6290438,0.13547611,190.1791631378925,-968.2895358800888,1183.0962,1046.178,527.37244,425.12872,33.767735,154.61632,162.85214,138.66747,88.05628,48.87301
-LkxK1hw4N6XYpid0sKT.-LkxLZAUPGqJfS7DG1od.-N-2FNFlaRLNAbnFZU5w,0.5394886,1.5965075,-2.6568801,3.048096,5.704976,-0.3864465057849884,-0.99522185,0.07536289,545.5091927501213,461.7591552734375,867.2258,333.97165,130.97191,137.42528,55.80404,22.555265,78.71325,106.19773,7.061241,7.973095
-Leujocx_cjh-Ci6MrBu.-MHVHmFIrmK1XR8TJab3.-MNSxWtrT63eNbvENLnM,-0.33300677,1.3106606,-3.5247402,2.0487661,5.5735064,-0.5888022184371948,0.027831078,0.071908474,943.2631820147814,-310.8472528929512,629.5327,338.17004,363.2092,243.25139,121.63317,74.16369,102.32393,68.32967,72.26068,53.684128
-MutxIuxjnQ6kYnfwVUB.-MutxS3VJclgmPwregnL.-MutxWAlmsVCJMybCsdM,0.95760053,2.6495023,-4.7196426,5.522928,10.242571,-0.44704192876815796,-0.93122816,0.13210058,329.4634528416291,2142.156005859375,1364.3655,781.269,3777.5571,206.53601,227.03195,321.12228,587.1838,65.72177,316.57193,110.5297
-LjV7xs7C-72wzKZEEu-.-LjV85uT0YsZ6d0aFabD.-LoxreK0rGyyRgLNp2le,-0.85027325,0.87302434,-2.8831522,0.665858,3.5490103,-0.33102530241012573,-0.7672608,0.04219222,763.8458645411766,-1415.0970458984375,600.3811,370.13422,317.6906,530.7561,165.22916,261.5177,171.02234,177.0909,41.81215,27.954126
-LxPzAAXRuoplPdr-PRR.-LxPyKw7jx3j1Fa7bodz.-LxypCjLTZobzaFsGbiZ,-2.275448,3.801416,-11.78437,4.8543463,16.638718,-0.4132091701030731,0.28315306,0.3698759,547.8543519011355,-3087.0817765196166,1050.004,1837.403,2637.8096,725.8479,632.3125,678.60736,435.372,440.86218,166.33488,133.26334
-LoP315IYr8aUwaqQU3o.-LoP3NIJAn4J3PldoHHt.-LoP5NKsmXuFf9uud4Cf,0.7048489,1.3804574,-3.040339,2.9647155,6.0050545,-0.8458959460258484,0.2282958,0.078507364,936.6683576354039,1094.1801299850147,426.72272,235.83598,1121.4617,591.6492,468.74814,285.18298,300.65475,52.40468,93.05683,152.26038
-LzpOhLU89jIhcizMvjA.-LzpOsIXYS1G9UI5k1xA.-LzpPDVSZHN28LOid_Pp,0.76029015,1.67122,-1.6338623,4.765056,6.398918,0.70292067527771,-0.32628655,0.09678364,503.68378728170717,856.4925537109375,399.17648,455.42844,1095.1422,217.27124,351.1218,45.48416,39.97983,106.15897,131.51718,13.7419815
-MdLbO1ysIsHIZbociLC.-MdLcTQoppTbJZUGl0q9.-MdLceKUuDh1IyQuzUMi,1.4783664,4.0768337,-9.6821,10.174148,19.856247,-0.6250178217887878,0.76269245,0.21674263,1292.2333310665888,2912.027035256227,1147.3722,1992.3141,3431.4695,3082.3467,1998.7657,141.53653,1110.9431,250.5943,117.01374,411.84277
-Mm2CziuznOBE9LfxL0J.-Mm2D3KjPiosJMr03kbQ.-MrWeSs6Em_sGQsG44bM,4.3040266,1.5915492,2.5310998,7.8086505,5.2775507,0.928147554397583,-0.38162374,0.07853103,459.14326529269397,4334.447262128194,923.5592,398.34622,353.25378,285.21384,118.79088,164.20941,92.532295,67.27226,76.459114,60.71108
-LvtsokQOmZVI1tAvlKh.-LvttrrZlcEFuYow4PR-.-MDs9n2FEHPN0TQLzLfn,0.48360074,0.72176754,-0.783176,2.070827,2.854003,0.49870750308036804,-0.7374246,0.0480133,366.5848715635548,446.056908454746,250.54526,224.20268,306.17432,88.816055,76.408646,14.1438265,4.1620517,4.9170747,4.2996764,3.688567
-Lhi_hQB4d9hP668bC18.-Lhi_pFqfsm7Fzt3bPH5.-Mr6FvMfA-BZF2lS1_YB,1.9539144,5.470849,-13.02328,12.272992,25.296272,-0.6868338584899902,0.545542,0.33906233,384.06727427784654,2492.553728297353,1454.967,975.7828,3908.914,1981.9077,1045.1143,695.0281,294.26,352.60895,216.08092,315.94128
-N0FhDYqiqHH31WXQzTd.-N0FhWIWLlfhNHWd_LCQ.-N0FhgLECFV-MOJ22-kk,0.6533123,0.76534903,-1.284763,2.2769728,3.5617356,-0.18566665053367615,-0.12246609,0.055957183,660.077163784045,1104.175336231788,428.8621,184.08192,368.844,486.2728,186.79497,326.11377,231.31284,180.08331,69.279854,24.123714
-LkxK1hw4N6XYpid0sKT.-LkxLZAUPGqJfS7DG1od.-MbtnffcUfBwnvees3p_,0.8337557,1.8252939,-3.0928001,4.2733583,7.3661585,0.1993798315525055,-0.7991953,0.13392353,883.1392887220693,1366.74951171875,1043.5461,867.6332,908.17346,519.11255,829.91974,639.37634,367.79153,305.3941,187.29301,199.51619
-NPaxlJRSCtemhF3ouVD.-NPayKPdMatJ5z4hxTxJ.-NPayT14B8Q4yZuDgZGJ,-8.290813,9.448865,-22.555815,16.096922,38.652737,1.0484271049499512,0.4001031,2.3195665,51.47009354647378,-1223.56591796875,743.12164,293.58606,466.1102,244.66823,156.35521,203.10971,30.516314,67.583374,51.78763,13.125205
-MLHXDQ2BX7xY0GEal8T.-MLHXluRZevq2K-wq4OH.-NjMeShbjQpAN8pwEpz4,2.4710016,1.2866313,-1.558193,4.362808,5.9210014,-1.0600848197937012,0.5609069,0.11404273,803.9273055641958,4440.380812625091,698.7312,793.7367,477.43323,588.00104,399.09482,483.15695,438.49435,339.93115,285.6743,237.81538
-Lim3WQ1HgxKNt2gv-gq.-Lim4Dw3Qcgfi3SUInGM.-Lv4qr08sIw5LH2RlnFs,-0.11410127,0.4689765,-0.7901255,1.1754135,1.965539,1.034744381904602,0.7563348,0.04043317,217.89288615300194,-120.39390681187312,225.08147,93.28806,179.78557,94.48071,92.44308,88.748886,36.385605,12.533976,59.037724,18.65055
-Liq_w4K5UDKsni46WKd.-Liqa7QMEVYvlAPfvU60.-LtA0BT_QQHO5d9Yr8bj,0.2451724,1.1988013,-2.1425757,2.4811509,4.623727,-0.19564493000507355,-0.64537024,0.0828262,94.59681969607192,184.43837639689445,452.85284,368.3609,231.0475,87.82401,27.556585,50.368202,36.492287,14.501637,20.35604,8.260046
-LiHdzI8lpqzkkuRhCf4.-LiHeFL-BtOWv8dfGtAP.-LlVlnjTvMXSs8QCsbCF,1.3737775,3.3149252,-8.036886,8.5113735,16.54826,-0.5929332971572876,0.5790405,0.71417266,1236.7401434243823,3144.532554099957,2166.192,1774.9114,1539.1437,1899.8641,2370.785,1997.0255,823.18604,1126.6016,430.5033,1150.6287
-Mqx8Ysk77qLkwt2-z5c.-Mqx8cYtQyXScNxqin6J.-MtbZ4aypr1f7OOykeqT,0.42711663,3.7002277,-6.9054203,11.270306,18.175726,0.3190133273601532,-0.16887736,0.7271817,757.0048926025993,1423.679931640625,4690.7925,2445.8118,1400.8185,2898.4922,1132.9387,1448.0413,3719.4507,601.03845,1449.9006,2474.645
-Lep5eFlTRDDaAePV9Z7.-Lep5nlSob8vmWfcLcwd.-Lep69orqUZ8se8YS8O6,0.16535829,1.697284,-2.7259624,3.7774618,6.503424,0.4369291067123413,-0.7751334,0.05973679,71.01412285214784,357.45654296875,2011.3257,630.30835,867.53314,611.0009,666.17816,679.71185,133.42621,109.1479,206.82254,158.34872
-Lc_d-g4yyU44NLZYjLv.-MJWHNNHax2kwaFP9i63.-MkBwFec_SKNotgVYMLw,-1.1517209,8.012411,-21.198784,17.577572,38.776356,0.23213960230350494,0.009292603,1.1958885,1776.112748316214,-2387.319091796875,3781.4395,5006.5347,6873.7964,4661.719,388.52667,3805.1934,2579.1675,823.49866,2392.6877,841.21045
-MUDIcWtRJGFt3XdDORq.-NE5IIwezb_CBOsJceZz.-NfVEBGQL57gptjtQoAs,0.20513493,2.6284866,-3.5797672,5.314138,8.893906,0.2487657368183136,-1.1729786,0.16103473,759.4428654643041,202.95004272460938,1693.1616,295.78107,37.326317,384.3891,186.4157,142.2044,193.29312,90.66348,172.38628,136.02042
-MjcSjzAZOfyw2mPmzID.-MjcSqOdGflW-ZftKG-u.-MjcSv-5YjkUXxfZINs3,1.2961001,1.4224875,-1.2363213,3.7365139,4.972835,-0.2700772285461426,-1.1904342,0.12232721,372.2561720582518,868.9795835862557,604.4054,143.79321,178.45375,31.369886,120.562515,106.698875,68.76654,48.143707,10.351462,33.057487
-MPs4GrvJlieFAXqIryf.-MPs4WURsoALXoosJo0e.-MPs690233GeKHLPaaR9,2.493274,1.801633,-0.9635483,6.0781317,7.04168,0.1688007414340973,-0.9142573,0.17093837,491.23165453263573,2762.464257121086,496.57324,694.9418,700.84717,697.4135,181.3239,374.52682,168.23715,207.7219,94.7724,51.11942
-LcjaVAtjdqydGqyIyQf.-Lcjamg6CVTQtyLkNgmg.-Lcjb8nrWhpulmUJ0c6h,0.83736324,0.49753737,-0.18353139,1.6914372,1.8749686,-0.19042393565177917,-0.8324058,0.04257667,419.41182806883114,796.0079286396503,249.03008,104.06856,57.362682,170.21568,39.973248,29.84143,31.445042,26.36304,38.151337,14.868542
-MpGCRzFVqcdgN9jMp4X.-MpGCcu-wl5Bf_6gnCuU.-MpGCul-fBqTdp142Vgm,0.020362556,0.73882836,-1.0306091,1.7263778,2.756987,0.7697951793670654,-0.4286039,0.070593596,3596.688919433823,19.39409190416336,355.4971,129.23097,213.66365,134.9363,100.9411,84.26096,43.684925,43.911976,23.487198,30.330927
-Lp2Zitht1JMuO9k0Xp_.-Lp2ZsWy0LCBfO3z3lw0.-M1AFdmfKMbMfKkjtktk,0.82365596,2.1749547,-3.472598,4.777342,8.24994,-0.06801731884479523,-0.72026706,0.16577828,1089.073531674716,1208.805157373349,1666.8622,956.85785,739.90607,82.61494,352.3774,266.4204,526.52216,415.32132,36.150185,246.01169
-MN2hxShPEnW3ZwMc7YZ.-Mvc91Qs6THMRanCAao-.-N83JAA4jXLUrLFeT6vX,4.0415025,4.597979,-6.261796,14.92086,21.182655,0.02393995225429535,0.06602907,0.8609507,425.5511343541776,3154.53076171875,560.77625,302.38058,1769.1669,1516.4783,111.894035,250.06667,392.443,479.3758,24.973448,125.70146
-MwBVWOXnEhhLD9GPJfg.-MygNOm0-BIrWt2Bl1ub.-MygNbPLLz_4Bg0i4Fam,-1.3227367,3.6858356,-7.1470675,6.2254004,13.372468,0.09141921252012253,-1.2030418,0.34522438,560.7181952359911,-1438.57666015625,1763.4535,1218.3417,1218.6537,847.592,925.99023,449.06003,235.3547,119.62043,31.938808,79.738144
-LoP7_n5ROEawdOTAeDN.-LzpZXIW6Qn2w0x9p42j.-MYdE9BZi9f_KbapUdkG,1.6973635,3.0531456,-3.5111582,8.12471,11.635868,0.05436022952198982,-0.9482529,0.18681884,960.9926921643827,3264.125732421875,1193.1608,1556.5323,3261.409,1092.8604,790.4394,542.1207,365.7859,429.6492,167.70154,188.39964
-M-OnrHA0wmu3ymvKWA8.-M-Oo9RqHfWyjRggeAS9.-M4NP6k9y_Xv0IwL5yd2,-0.5469876,3.0488002,-5.749207,4.2725787,10.021786,-0.15934278070926666,-1.4387703,0.11585343,1655.5135831518705,-1185.8079789479573,3574.2168,615.60944,2106.2424,557.21875,1678.99,621.66223,337.5567,595.02094,451.5025,143.41866
-LufsUflpJpvYzHusBQ4.-LufsaTWRlWi7PL_zGxL.-LymxJlkFAfnuPgeFtjb,-0.78417104,1.0596216,-3.7100334,0.19606239,3.9060957,-1.1886199712753296,0.028277874,0.3171922,44.14866402263181,-79.71479495366414,61.98467,42.56954,17.626215,5.4093804,9.454644,11.027798,6.255524,5.0330763,4.1460466,2.568506
-Ma7oQmtnzYEVFRWy7_Q.-Ma7oWMqNQf1I08txYzq.-Ma7qTQGGL6iAvSTru-f,0.27347487,1.8753898,-3.3991377,4.2687993,7.6679373,0.026657428592443466,-0.729393,0.057577968,1517.680597716035,611.7948608398438,1118.4705,1057.1938,2012.5492,1196.992,846.88885,278.2998,93.04681,155.71782,27.756578,247.36693
-MLHXDQ2BX7xY0GEal8T.-MLHXluRZevq2K-wq4OH.-MgKnjftqI0GP4KHvRy4,0.5254198,1.2831846,-2.8507242,3.1351025,5.9858265,-0.6827211976051331,0.7605517,0.094491675,226.3050440527694,418.2889018853505,99.01783,403.0603,427.17255,360.70096,168.0882,113.32212,24.736706,18.264933,11.999995,40.416744
-MlOs2MUbd8dNIiJFWpr.-MlOs7HMlvRhrwnRKgvQ.-MlOsEK2Ttf0Br-PfbLG,0.22857656,1.1678605,-2.1284454,2.5688097,4.697255,0.013224983587861061,-0.4854126,0.08541649,192.05355489292126,275.638916015625,587.8989,226.02719,627.9279,275.70294,214.60371,208.0679,91.9833,118.246796,72.630516,54.005653
-Lhe7Rr0kRFC2_3jT8E0.-Lhe7ZLURi3KBGWKzagL.-Lr8Mik7popfnhnTlo9J,1.001471,2.442963,-3.277456,5.3696136,8.64707,-0.027812475338578224,-1.337942,0.1966964,541.0216051992256,1970.409486817817,1533.9856,2410.193,1260.2435,222.48662,750.0701,608.02423,384.3403,426.54074,302.57556,397.73416
-NpOdmAfIcqEax3vdOhR.-NpOe50apyFFCNbru9EQ.-NpOecUlhrLei-3jkCli,3.1123805,0.9201114,1.6811979,4.785576,3.104378,0.20836131274700165,-1.2229811,0.06591296,440.79114322171193,2855.3979282577834,433.8444,181.64786,243.10823,230.74875,122.60051,36.58653,40.465157,18.173748,38.91798,17.760324
-M9MuTD0_-xs4PVoSDav.-MG2x4HmCmylHx7mX_f0.-MMKmCDyjWOXyrVujYx1,3.1168127,5.092403,-3.3608115,14.461886,17.822699,0.66755211353302,-0.5663576,0.22074652,213.23509906966746,2087.47607421875,2053.9556,902.58484,853.3664,96.31548,44.99938,35.264194,122.86147,46.950718,42.0643,43.93128
-LxPzAAXRuoplPdr-PRR.-LxPyKw7jx3j1Fa7bodz.-LzH7DwNRh1HFeJUZUbE,6.8705316,4.155434,0.37268502,17.25528,16.882595,0.49478575587272644,-0.31920743,0.24158382,793.7263776951245,8720.16015625,2368.4822,1402.1051,2109.4849,423.6442,1179.1284,215.48018,76.15993,313.00266,198.54005,237.78098
-LeGC3EwPfb82NnUGMCl.-M9N9tvEz5XJvKf9pBur.-MUwxke8pMEl0FZbashI,0.69753313,3.3941035,-5.3970666,6.089969,11.487036,-0.1925816833972931,-1.2950513,0.39712775,1934.1068677857688,1084.0396318038304,1862.0353,1328.4631,2737.7158,519.5698,629.7862,535.53766,181.70851,35.89962,226.06503,91.51674
-LuX9kwmV6pnBd40J7DJ.-NYXNlbbSmtff07I1-JS.-NYXNqgro-49J6mt8meX,-0.334662,1.0456212,-2.8018126,1.2319559,4.0337687,-0.7048202753067017,-0.44916773,0.07518044,-34.69489880881897,-335.42314205567044,462.25308,69.91727,209.22453,515.85583,92.05625,37.017033,53.60221,50.764076,16.942736,39.51396
-LjGBIYnULLBckx6_33e.-LjGBSWiBH-PwIJV_e8T.-MNNU6pD-jXpU-uhknt3,1.5933176,4.1550384,-4.698236,10.914745,15.612982,0.5869691967964172,-0.70643926,0.15969822,735.4818359327122,2677.0017343362174,4199.649,1934.1998,547.529,635.9725,1156.6058,519.2176,268.51764,495.90283,360.61017,183.349
-NgIeMFBrq13mUfQG-Sn.-NgIehxbTizM5oxZzD-c.-NgIeqn1vJ01hXfzWb1H,-0.8413029,1.9869527,-3.9242249,6.203818,10.128042,1.0394821166992188,0.52132773,0.40084434,812.6890100340479,-1220.1351007024448,733.8479,1026.0741,993.33203,788.86584,377.48447,627.2133,13.281527,86.132195,204.6345,227.94403
-LlBEMo2wsK41U_i4Ff-.-LlBEbuAIaFAvd6Tsudd.-MGhMeGT-1b-Up5imFcw,7.314077,3.7994478,-3.5742226,14.397326,17.97155,-1.0227773189544678,1.1010213,0.24534464,586.708632444984,9402.708984375,1176.341,753.7886,2356.17,1604.1874,1189.8589,401.74274,248.87267,176.4763,143.1531,295.8877
-MRUA729OiKXXyHBgHAJ.-MRU8BEsz4ELk9LiGR2N.-MRU8MlBiNE-rkkYLNkt,-1.6151334,3.6026895,-10.268358,6.9097977,17.178156,-0.012172305956482887,0.30234337,0.6639689,1506.5044677091637,-4028.093577682972,3628.712,1991.8143,3555.3018,1474.7198,1732.7081,1343.6112,957.60333,686.65643,393.52383,544.6391
-MLCPaVHke5WF47cCC4x.-MLCPgQ3s22FJfFDZztz.-MRP7aGFqyMd8FxI2haZ,-0.39352363,3.2149994,-6.0916333,6.533478,12.625111,0.38069531321525574,-0.6648228,0.13536334,553.3288349730009,-1193.4835954407852,1017.48883,1339.62,3317.0105,1746.422,5008.231,179.6868,1217.0681,644.1042,420.05795,72.100395
-Lp2EM8aD1XS0GOg_xzE.-Lp2EQVr5UMuhg1iJDm7.-Lp2Eg_sctpx8TdD07Cb,-0.37426573,3.653985,-9.960061,4.8665557,14.826616,-1.072670817375183,0.24571729,0.51469135,290.9479250608839,-292.5208294391632,1821.752,790.09015,280.17117,488.53674,162.91853,86.078964,174.77936,127.454285,14.949132,17.92731
-Nh5b-fGAFcLuoFanTnN.-Nh5b6CH4s2mGtf2n5yx.-Nhez6TOtLCoFxefV7OC,-0.067352004,1.7800092,-4.215649,5.6793246,9.894974,0.3715958297252655,0.4735372,0.31237626,-346.05653694629484,-102.5222651163737,548.4804,661.7582,1316.0162,782.398,522.05817,563.4458,308.30273,263.71466,79.74543,57.357475
-Lsulqs6JeWOd9vlQVWT.-LsumZIoNLI3HOq_QhI2.-LvFUXtW3oqLeWQSFIHt,-1.138619,1.2370564,-3.4160278,1.0710086,4.487036,-0.19243782758712769,-1.0976725,0.07101905,764.5365491321892,-2059.95458984375,143.53548,273.84134,1361.1425,518.1396,257.74573,304.48074,190.35258,79.29912,205.59715,32.350674
-Lih1-8YhTUk-ZydBu9I.-LuX0jxGpudVjXn46epD.-M-o5i2hWedC3snD-tGP,-0.89308053,1.3746349,-3.3601813,1.5870639,4.947245,0.22364580631256104,-1.2391722,0.060023546,798.7744146175896,-1522.1184572180111,988.17065,770.02313,566.0791,541.63837,621.7384,204.30954,192.88683,254.4145,118.437935,107.00077
-N6MOZM8pLdlWxhRGNVn.-N6MOh31Gs4Y0OMQ_Dch.-N6MOmM4jH2EBYFju-_6,-1.3347044,3.8746557,-12.424301,8.002017,20.42632,-0.14850768446922302,0.24089694,0.20226431,1138.0578975327323,-2813.60302734375,2276.3726,1147.6984,3747.1973,883.9217,2718.624,1465.5812,1191.518,508.50278,458.011,101.98902
-NYrK7dhQPSm4FWN-SpV.-NYrKFM0fOJbYPlf8szU.-NYrKL8NP8ZmfID5Q5Jg,2.1086788,4.230121,-5.6289716,16.026604,21.655575,0.3071804940700531,-0.5449221,1.3152294,587.7767877781806,2555.2991020033755,2561.4832,961.59265,782.5728,974.4334,754.1831,1319.1904,750.6752,568.3101,206.48874,242.76337
-LrIRVq3IK3HG10yEBuK.-LrISdQltvo9B1C3m_ci.-M50sKlyqp7gOUknF024,-2.0820048,4.00294,-8.424723,6.2164264,14.6411495,0.23659256100654602,-0.8871689,0.25087202,550.4730592089857,-2782.4614123900733,1275.1129,1273.1365,2860.7869,168.45012,1240.8225,953.49994,332.78772,286.44763,316.66037,52.545944
-LcDC0Ojsb1ynm9BGC5k.-LcDC4o2QXAlPPQEb7WN.-LcDCgaUx89FzeLNX6Rb,1.0886048,0.58731455,0.13935332,2.447595,2.3082416,0.4118030071258545,-0.79418206,0.061374128,385.7432833400171,979.25048828125,210.99619,124.60069,213.21295,149.3734,17.556555,36.37173,76.70184,25.395021,24.311195,33.036533
-M2gsMSjgBDeZhPiRGCs.-M2gvlsMeunFdl3nlgzR.-M9RquptvddazWT1INHX,1.700456,5.971593,-5.7132187,26.587486,32.300705,1.6397743225097656,3.539115,0.8399668,323.2716113921873,4107.04052734375,5319.238,2810.4724,5570.5884,540.5229,2270.5063,2330.0342,2174.7512,2857.8882,1923.205,1795.2927
-MT-fuAMSOtqOYpbrBt0.-MT-ivaRbI9JRvYR1-_-.-NCyXVNX0W2EebDMDzs0,-2.8537238,1.4083332,-5.3434186,0.7215874,6.0650063,0.5521470308303833,-0.4027903,0.23630637,523.920362002958,-2945.9665184815726,545.0248,306.7822,505.20795,375.12912,268.84616,282.1381,183.36174,117.141655,97.61075,168.28368
-N2zbkhz0QH-FVKXOSNq.-N2zc56TwmgoFUpO-c8U.-N2zcmQphHQPjEb9diry,3.122117,3.3054898,-3.5286078,9.716105,13.244713,-0.03565385937690735,-0.68382144,0.15924191,1067.9632427004171,5940.754393160343,980.0414,562.95465,2984.8196,2274.0886,756.8656,1442.3597,964.3429,511.27673,403.6624,255.65579
-Lih1-8YhTUk-ZydBu9I.-LuX0jxGpudVjXn46epD.-M0quZluIa7SKPXouX9f,0.068879135,5.113904,-9.085725,12.257532,21.343258,0.5229100584983826,-0.56214166,0.14827776,27139.067481821352,277.4541015625,6805.451,3860.6934,9828.558,1012.8544,3144.6362,4849.5273,2028.0468,1569.8534,675.1416,341.9064
-LcZnAvU6dq4vFlRJeeM.-LcZnL-Cg1Ay0W4f28er.-LeLCUcKZcjwfXcwKttC,1.2624333,4.1832447,-6.2871227,11.9260645,18.213188,0.36426061391830444,-0.48862958,0.20465659,381.6356979467295,3097.510354677836,3038.019,565.8886,759.8361,5000.458,3181.5916,988.9283,1410.1373,1727.234,449.15402,689.65393
-LnGiDGrlmz9FvHsGg3w.-LnGiRBw9SOA4k7lESvw.-NQOtQiU7IU2Pl7Y1Zjt,0.8163166,3.7819064,-2.2104406,11.964579,14.175019,1.8208460807800293,2.0664744,0.73600125,191.0711344288208,248.01919555664062,476.7854,541.61414,321.20953,270.26715,90.82468,60.78147,60.90747,53.320385,26.481491,33.806725
-MpAnRz-p_1u1zHKeCf9.-MpAng5mLDd6JPQVWhCU.-Mqsd7bOZue2wG9wq9bq,1.292438,1.5027332,-1.8163701,4.094556,5.910926,-0.15923714637756348,-0.80702424,0.083486974,453.1258564071465,1780.146484375,879.3353,371.21356,884.6813,526.9713,156.73749,126.09885,288.43326,158.77249,77.55845,57.877853
-MvNOnbh2Qh0ZTFU0LjI.-MvNOvJzKLE_w24DY6Th.-MyGdoVv-osWYn1Itcws,2.5362203,3.5825572,-2.8143568,11.587031,14.401388,0.5597150325775146,-0.42556787,0.41106224,945.4377080677057,3869.68079717954,3157.0217,547.99036,709.0304,707.8023,1325.6451,857.3462,218.10078,455.1518,737.37366,422.39578
-N3T3J22UG6-6qz3L24S.-N5dwiCAH0-7NqeKdeRR.-N7tB_ttzK3ngOIcDzgb,0.40086043,1.5512028,-1.9848996,3.5673792,5.552279,0.37904974818229675,-0.8557532,0.07568319,201.94026290569124,225.44772338867188,469.05463,74.18834,396.32446,46.530552,46.666096,66.98949,14.047403,9.001207,16.21688,5.6020164
-Mbf1QJ_W0ZPQdl1-jdq.-Mbf1aprKr1KaiIzizyS.-Mbf1oEGD2BsC5Hp1j6L,-0.46509716,1.245161,-2.5004456,3.4647045,5.96515,1.3616321086883545,1.7938862,0.09816992,860.0830899608789,-763.2704757054647,417.47238,637.88196,748.3754,665.7622,338.19662,441.13937,170.11351,289.24152,80.71742,35.80177
-LeLiaV_6NrLdFlMbLi_.-LeLiiv6COUB6rvloOYx.-Lu2GqXfbJik94WPyZoH,0.08558485,1.7234299,-3.2221043,3.1964772,6.4185815,-0.052052997052669525,-1.0382817,0.108180314,-1428.574437135183,143.58457636336485,853.56,264.37515,452.36334,1455.3375,731.1101,395.5567,424.001,271.74,178.30559,55.687473
-Ne2AcQOQnoyDScmzHWW.-Ne2Ah2Gn3s4YCHgjqzJ.-Ne2EofUAZwjk7O2B_sN,4.906739,10.941892,-9.678322,50.462406,60.140728,1.8252696990966797,3.4026318,2.3037338,824.7062072709042,8895.93765282631,3478.9216,5048.683,7664.168,7132.9136,3555.5906,2889.757,2391.986,2934.7927,977.5368,991.4521
-Ma7oQmtnzYEVFRWy7_Q.-Ma7oWMqNQf1I08txYzq.-Mk1XzQqRf9ncCLCt9oO,-0.08285857,1.7920136,-2.6297724,4.2143903,6.844163,0.7135412693023682,-0.55110526,0.16389006,130.525360729528,-45.207969665527344,90.0371,503.5471,82.0619,302.11618,139.45853,101.624275,32.484577,37.190056,9.342875,26.438341
-MN2hxShPEnW3ZwMc7YZ.-Ms4LJBBKfrdTbgLiDrW.-Mvc8syPzFNyrGopxvSa,-0.05478551,2.467785,-4.227355,7.001403,11.228758,0.9959551095962524,1.2047439,0.15280128,2145.148881371146,-48.30228805541992,821.6737,833.5454,842.44415,487.9449,254.21707,13.554671,157.13326,204.60194,91.32377,88.18241
-LpXXt4qUPxKfFR6w-St.-LpXXxjXMHMbHsUNG3OC.-LpXYLIseSAXKNeEUH7H,-3.4125338,3.1685183,-9.147402,6.0237365,15.171139,0.9527773857116699,1.2637768,0.1588955,1337.915968046928,-8080.285525401433,3256.2344,1834.9403,1028.3993,2274.63,1680.0005,798.95935,1253.7101,1327.9901,750.65686,151.96193
-MrWMcBqkBqlw5NMQFkQ.-MrWMzdYx8o6uIfb6ulV.-NOJikdJaCxLBOCvKFel,5.4778895,2.831172,1.1307172,13.098617,11.967899,0.7329555749893188,0.0316391,0.2743783,704.9187742069139,7710.778133710225,568.6539,695.6714,2002.464,1540.537,358.96283,366.01013,439.4079,282.50452,270.41473,266.6729
-McTE93UrKnjhI90CwZI.-McTEE2gtxh1sY_mXoBC.-N6ChDtDA4gvEv1QS9nA,-0.4682514,0.35432407,-1.3117182,0.217383,1.5291013,-0.22518734633922577,-0.2265122,0.06274505,220.91335579685855,-209.47219848632812,26.137468,71.38934,57.89368,32.937332,36.489456,14.826643,12.493311,16.327929,8.988409,10.854204
-LkxK1hw4N6XYpid0sKT.-LkxLZAUPGqJfS7DG1od.-M_4nFO3uZiPsNbD1CYt,-0.8819784,5.3308716,-14.726985,6.4306293,21.157614,-1.1150715351104736,0.67212105,0.7657614,1070.6554092547917,-879.6950073242188,1452.3872,3044.4702,1438.0428,746.797,618.12427,206.46758,173.44809,112.57585,21.928364,143.92644
-M-OnrHA0wmu3ymvKWA8.-M-Oo9RqHfWyjRggeAS9.-M1yKt59aXJf2DkH_29j,0.3444379,1.8656833,-3.4485667,4.918232,8.366798,0.1881229728460312,-0.24148893,0.072399795,1161.2321633417723,596.1011962890625,514.31415,648.0063,1373.324,1465.5731,312.8498,489.29987,207.46745,239.0269,100.86834,189.60202
-Li7Gw53VbA92RZ3ABZB.-N1glgPSQZYOfWaU9QbV.-NjfjzWZsDxqofy9NECZ,0.310237,3.0396037,-4.495102,6.2526674,10.747769,0.3306875228881836,-0.92674994,0.32978994,1144.365957135291,312.7367737690608,1617.246,634.1113,1125.6921,685.5881,205.6996,136.78384,103.74987,100.89146,115.52326,118.581764
-Leujocx_cjh-Ci6MrBu.-NLUo7sNx6hp4uSLWSwI.-NVcPC5P0Fbi_c6Pwc-g,0.29179895,4.311971,-8.211826,9.601144,17.81297,0.5413669943809509,-0.35161805,0.3344028,1171.4424762389253,299.81323035558063,1453.7039,976.8262,2435.2258,740.56647,393.07767,319.57037,452.59238,354.8642,406.87668,82.91449
-LkSxgdWu3mrv0klTuuT.-LkSxq8ao9-5yLS9f5xw.-MoY7760wOhjAWkTwVmY,0.28572267,2.231459,-3.308669,5.4167485,8.725418,0.6635071635246277,-0.23452067,0.12566102,633.1142865743875,260.6213073730469,724.86536,657.74426,869.132,520.34296,120.83089,207.54199,116.20462,66.46055,13.436863,18.526922
-MNSHjxn7GqIJ4AHx9Bc.-MNSHwnOue9OiHyY76ze.-MPEA-agOwpFAGULJ_nL,1.180577,5.7183704,-9.889322,17.323076,27.212399,0.9047110080718994,0.41800833,0.8014724,1490.4519740881058,1824.9833849072456,1611.9918,3321.9019,2980.6,3035.8662,1512.3916,1598.007,684.853,560.06696,272.89792,593.0937
-Lhi_hQB4d9hP668bC18.-NJnbybnfglLVaLUOmiV.-NaentnUR_lrUsdJ-MWU,0.9832369,3.210785,-3.857838,6.1430597,10.000897,0.12303009629249573,-1.4471983,0.1049251,1246.061401231814,1930.781995743513,977.9992,789.42084,3919.921,709.4769,1431.9193,152.99107,285.09464,281.64517,124.27136,213.36356
-LvKDAzdKseS4GpoC4iV.-LvKDFpWHQ-AyN1HHb2K.-LvKDL98v61iLr_YIw60,-0.0805715,3.4972286,-9.215576,8.083655,17.299232,-0.4995601773262024,0.21480322,0.36177677,4112.6387695333615,-225.7125701904297,2813.691,1918.6031,2683.8604,5028.9033,456.5205,1233.3315,479.77744,927.1251,800.4148,263.92233
-MXBVcEIvN-sNDxnfkvo.-MXBT_QsWdJTmoWlK2Lt.-MXBUVw24EV5KybURzg5,-2.1467195,2.266399,-6.799435,2.661341,9.460776,-0.0313473716378212,-0.7908602,0.1332941,715.0510094397537,-3781.627685546875,842.13245,1323.2231,1562.9985,1598.6295,350.91714,221.87997,378.07782,40.45434,47.981045,257.72543
-LwNFu1ENiLuw0bE3Z-m.-LwNF7qD8sfBG7vS9522.-LzM1inU03u2Rj3ZiTBM,0.85836375,0.9942908,-0.737337,3.5785117,4.315849,0.6313222646713257,-0.078927994,0.05746931,843.0182551799188,1230.8460693359375,496.7368,248.45882,606.4674,354.40503,154.53651,230.08444,256.84644,151.78633,146.75665,129.60574
-MTeBF3C-2_g29YeMrzx.-MTeBRqXm-UNovoCB-yi.-MTeBmqYS9C69THNyefw,1.2903658,2.6041684,-3.504352,7.365085,10.869437,0.2580035924911499,-0.47818732,0.087699056,1119.8254017453723,2528.130479425192,1851.0898,1097.5316,2176.8833,1581.3651,677.9652,699.6268,142.50966,312.9855,173.43526,47.163616
-Lulbc87BHgXQt7DhxtO.-LulcCd8pZWeViElszOm.-M01wkTD2ri9YqwD8LXJ,2.2442963,3.2157903,-3.6470597,7.662543,11.309603,-0.2766953706741333,-0.85003304,0.2677646,601.2665165813065,1930.3465576171875,1286.5186,373.928,1087.536,660.0276,468.61383,217.7427,74.32721,112.744225,204.58772,177.17896
-LcZt1V9x2eGUfCCbEC2.-LcZtjwKmov1JBzWNai-.-LkNnRWHlx2y_eoUPsyn,-0.18527538,0.7218042,-1.7811623,0.7269202,2.5080824,-0.6000111699104309,-0.8087337,0.052381277,191.72012335236792,-82.21206665039062,205.48987,83.87689,23.15173,31.372856,33.200737,35.895985,6.96705,7.983299,6.8926845,5.391159
-LcfARU6yMZ2m2s6CoLf.-LcfAbCowbrOLyP30POn.-LkXwhZokC2Iobx1iBk9,0.077374555,3.7877986,-7.555936,5.629167,13.185102,-0.27741289138793945,-1.0380963,0.124904394,-323.2583191797959,225.05419921875,5759.44,1141.947,4219.16,2022.0957,2392.0803,404.8352,188.85007,229.44106,323.08563,195.18758
-Lulbc87BHgXQt7DhxtO.-LulcCd8pZWeViElszOm.-M2mJRbnHcQ4M-5m_h4J,-1.2271159,5.515588,-12.064652,10.522307,22.58696,0.19847188889980316,-0.74347734,0.18631768,1688.6847866485007,-2636.969230532646,949.95245,5332.074,5194.3984,2459.136,1124.9243,1685.5133,1513.6816,801.0384,193.7941,193.45969
-LigeHFphMxRCPevAukf.-LigeT2LC56k3xSroTo6.-Ligemv3KPpG-DZXZS7u,1.2088807,3.2523632,-9.96093,5.7131124,15.674042,-1.603071928024292,2.5713224,0.27783108,671.3698220023739,2268.345458984375,1366.389,783.74536,2530.781,2501.1267,667.36005,1015.134,1068.2646,530.1519,346.36258,387.4961
-LfT9PcuzeyBN4p2B5D_.-LfT9ZUhyem8y37kNU5a.-LhEeYhz9E1_Yg9aKFcP,2.7499564,2.4479275,-2.1213315,11.136148,13.25748,0.2352696806192398,-0.37907887,0.7111299,968.0757919529823,4808.3896484375,1075.0802,1156.1151,1896.1294,474.94742,765.47455,679.88403,750.0895,286.82886,117.57874,92.84646
-MROkmsNd4l5fOTJ9PT-.-MROktPij37cL2mmx0zn.-MW3QA6T4tJ-Mxgucl-Z,-1.2885633,3.5422409,-9.126937,5.9503613,15.077298,-0.25866034626960754,-0.2857306,0.082246184,1627.9661434806296,-2769.64664615194,3329.0383,783.44794,3770.9644,984.2778,349.05542,1036.1191,584.9374,531.8058,301.93948,237.7611
-LcjaVAtjdqydGqyIyQf.-Lcjamg6CVTQtyLkNgmg.-LtOt42E-7BaLBooWCvS,1.9995735,0.6277418,0.90020937,3.179951,2.2797415,0.24238258600234985,-1.0741034,0.06001383,419.0218682271865,1608.1156005859375,65.5724,295.33914,77.29136,156.45758,19.982952,37.08277,32.704994,30.685831,8.788912,9.289438
-Mi_UgYjBGSVkOKeZ-Qu.-Mi_UvwRn8hIK1dPF11n.-Mi_UzpUC91o9TjJJrjz,1.2440047,2.498184,-3.7075455,6.785021,10.492566,0.15431804955005646,-0.81030655,0.19594002,978.8655067734328,2890.538818359375,840.43616,1069.7031,3511.259,673.783,230.2069,701.7297,637.25366,532.0185,244.96063,476.39832
-LhKVtvaBGb1puFWOmgR.-LhKW39s7wkxN44JF0MW.-MMFGNfzGxSLKyc4DPgj,0.5326406,4.4289002,-12.475826,10.91894,23.394766,-0.5070114135742188,1.201796,0.21454859,2000.3142473022615,1295.0764558811982,817.42865,2881.7883,4261.562,4404.9893,3094.572,456.5784,391.25696,528.4659,730.47186,444.49683
-NU16-33aKAIKElp25qi.-NU163FKnUCyL036INxB.-NU1694DQYFuAkVWbHIx,1.905526,1.945067,-1.8226991,5.851929,7.6746283,-0.005060991272330284,-0.6331794,0.2430023,414.783017495908,2138.9699351688228,875.86334,923.85895,626.3048,469.80554,105.50186,152.34888,166.61507,227.51387,64.42315,33.923298
-N5-WXiGRj_zYFF83JBk.-N5-fvHYFKx-e2VVUzjq.-N7F_CWz-fJMT53__FxP,-7.263399,3.7873569,-15.6631365,5.0887003,20.751837,0.666105329990387,1.2986794,0.18761492,1048.9524148044477,-14643.164116064707,4155.0254,1084.8997,2584.9658,443.47202,588.94476,499.6495,1130.2678,610.84973,709.53033,373.73935
-NaBN-YSHyMQMB_VXLrn.-NaBN5ekjKxCA0AZoo2U.-NaBNEEEzs6bfxlb2ERA,0.6418735,1.7700313,-2.4956782,3.6148427,6.110521,0.012268745340406895,-1.2261267,0.2876165,903.3308861088184,481.0838637848695,802.516,220.16031,247.4443,256.83572,161.00235,61.693752,46.973576,54.019623,80.816765,76.239716
-Mi_JXKiJW_18gMqqR9-.-Mi_JgNHXyYV551JMqBI.-Mi_KOQcnor5QiGGlVnL,-1.3323247,1.7360743,-4.4961004,3.2641814,7.7602816,0.7569712996482849,0.09783101,0.08545542,1160.9780795987072,-2491.9317104816437,999.3688,406.9826,1147.3635,1260.2314,766.08,614.2843,356.1181,193.83995,122.98266,69.353386
-MXBVcEIvN-sNDxnfkvo.-MXBT_QsWdJTmoWlK2Lt.-M_ZXYsirqB_shLz-kpI,0.20426996,1.8774021,-4.1662836,3.1380758,7.3043594,-0.43236270546913147,-0.7472143,0.06330109,1741.1074846774827,359.22918701171875,867.96063,794.3071,1738.3181,912.64557,140.19324,256.7457,27.66087,203.72908,137.66261,91.913574
-LjPtd4ia0kheSm1ks0P.-LjPtkH_yTJ0yRteaGcw.-LjPu-j_hCHcVkxDC8Ez,-1.5583466,5.3128376,-24.145836,8.369896,32.51573,-1.6424474716186523,3.8938727,0.5202913,2431.886324824701,-4661.9970703125,4275.6646,5899.666,4269.511,2801.648,4250.4385,671.3391,3959.889,1432.5972,2675.8518,764.0037
-MxsUVinVnpcpbowNtQp.-MxsUkm_AhlfbUL0HYko.-N33EGOP4jSeDgQupJi1,-0.24583472,0.19652842,-0.64040196,0.04188707,0.682289,-0.32867610454559326,-1.0854087,0.079322994,45.19767656395244,-17.228912353515625,8.894412,2.253197,1.4129634,2.4827158,1.8582629,0.7915323,0.75878024,0.19789211,0.11074202,0.2876183
-Lx_WYtU8xSK1GPNqPU2.-Lx_Wr9XNHGK8Zxjl6lG.-Lz6dyMd4CgnwlDb-uH8,0.13945247,0.48108244,-0.7172739,1.1432763,1.8605502,0.3106708526611328,-0.7610183,0.05157754,362.41548784665616,150.04958748817444,78.493164,111.60045,223.59227,202.1465,137.4219,43.938717,22.62038,45.312344,27.479624,12.129177
-Lhi_hQB4d9hP668bC18.-Lhi_pFqfsm7Fzt3bPH5.-MznQey2hsxvFK2FC1MO,1.720815,3.3781068,-6.797445,9.643858,16.441303,-0.16906344890594482,0.06335592,0.17567849,881.777774571146,2938.99755859375,394.94763,1187.1451,2866.2837,2209.6838,1002.5826,378.21436,664.9665,323.35098,212.64165,178.07362
-Lh9n_WxgIbAsMb5T6RA.-Lh9ngnY0SqXbim4D5Co.-LkTYScyhCYga6D_sJTY,-0.68694776,2.9001572,-7.444092,5.356742,12.800834,-0.5488007068634033,-0.30087948,0.12884104,656.2853554213125,-2170.9814453125,1252.0488,1770.3414,4887.398,2515.8325,313.452,1481.6205,793.1936,601.59296,1378.5437,929.37494
-McO3KQsI2TDpRFF32sm.-McO3SOvBKHYifKCNe1I.-NgrdHDPJFKH1wwsPplx,1.2237298,1.6279144,-1.0286064,5.030408,6.0590143,0.7126176953315735,-0.5589843,0.09369302,884.9439269222505,1683.1474609375,968.9286,131.79428,953.0595,575.29913,263.78976,389.9878,120.068596,46.053547,94.16248,151.42198
-N6vitc4vNxYCwa0LoZY.-N6vjaXKWfgcclh_yLy_.-N6vjmke4rcRUnmGg2-a,-1.3191694,2.335213,-5.2947454,3.508694,8.803439,0.3967294991016388,-1.1603805,0.09876518,1261.676785498504,-3112.785888671875,271.78552,628.23804,3267.4917,1280.9213,626.9561,798.10846,775.3867,239.61421,698.3878,151.25282
-LnHernN_fpHMmekEDg6.-LnHf-cbftVM4CTskSYH.-LnHfMNv1OmsaPFoRDZ3,-2.1354747,2.0579913,-6.64959,2.3750603,9.024651,-0.2018183022737503,-0.80770564,0.24538743,2079.4013350882065,-9045.689657886824,2198.3787,3494.7427,397.96985,2057.9922,2295.4478,1517.5361,1841.8607,510.20395,1334.4325,612.4716
-MneABpSu1fvTbjULt3D.-MneAL1Ko2v7slBwUayA.-MneAQelNYhq3Tr478rc,-2.9551787,4.503581,-14.39229,3.896931,18.28922,-0.7731453776359558,-0.1247077,0.113378525,668.7392529663621,-7249.819569309552,4215.2456,3938.9395,4792.2817,1463.9456,847.3679,1144.6302,629.71063,256.06406,334.8543,154.66133
-LeGC3EwPfb82NnUGMCl.-MW3t94S9XWaxHdJ6TRc.-MZvU7ZycmCLmbbmwHuK,-1.1621027,2.6200356,-6.048967,4.114317,10.163284,-0.19258283078670502,-1.0389211,0.43499625,1552.2794481107542,-2095.9095553308725,1804.5935,1004.2243,1311.388,992.9771,1553.5468,445.29663,713.84845,504.6305,622.8547,312.65463
-MB36N6_Jo_H_Xp9V7-e.-MB37JPcRvm_osel5rIj.-MujVwxgTvEnS9FscMOJ,3.4044168,1.4546015,0.799035,6.8135386,6.0145035,0.13818617165088654,-0.6413157,0.12503886,610.9346429780301,3998.432711760203,200.54091,950.7135,120.08999,118.76812,540.73083,384.1381,61.679005,102.281876,23.558647,98.34225
-M14U7mx9_PykEJ0INSt.-M14UXbmibRqyk-dpCpG.-M3ob8c5UlSjgD-RWs2Q,-1.2498288,1.9038771,-4.6977625,4.166698,8.86446,0.2919662892818451,-0.2694788,0.15718365,732.7632134706696,-1676.1136474609375,460.8195,566.07874,1103.1539,477.04904,759.5814,574.6581,365.06198,385.44226,167.47232,188.91544
-LqAlBMdW0SudzsLML2z.-LqAlFESFzQexx-7wZi5.-LqAlYu0kv3EsSF1gEmX,0.19878316,0.97117805,-1.926249,1.9524881,3.878737,-0.3400160074234009,-0.9296737,0.07773191,280.69330914513836,212.67153974374136,74.44608,204.46175,587.2145,213.33087,299.3978,25.895205,26.761585,48.708874,77.47841,33.114906
-LsVlMLffp0SgAp0tEX8.-LsVpvvNc5iRCKfLMuPm.-MQVxGtHyCe7Z6VQmYB8,0.07091296,2.1572535,-5.3535104,4.837328,10.190838,-0.08222375810146332,-0.1481235,0.11672647,-293.8402874194183,128.58673332134882,650.2789,1229.8629,1442.5084,993.52893,1045.9795,796.557,920.8952,531.57007,183.95657,150.08662
-M-OnrHA0wmu3ymvKWA8.-M-Oo9RqHfWyjRggeAS9.-MOFbrRnOZHmGV61xoHx,-1.9733807,1.3882359,-4.595689,0.29289353,4.888582,-0.48272904753685,-1.0094705,0.13295329,313.7037784925101,-1021.6423239310583,383.54477,276.7478,103.39966,68.48965,95.49228,99.34199,21.789211,34.406075,12.94796,6.9710875
-LcZt1V9x2eGUfCCbEC2.-LcZtH7m8FBiB74-Crva.-LcZtaSvka05mu-p8EnM,1.5060543,6.188155,-15.404083,19.887228,35.291313,0.3160162568092346,1.319355,0.9540968,3247.403694193017,4671.67919921875,971.575,7420.7554,8241.458,4930.0254,3377.3643,269.5174,2657.1106,2514.239,1124.2542,1716.6595
-LhF4BBfr4lvtTUhEH72.-LhF4Jp-itV0W4tDriwv.-LhFAHVLsIjgR4tSMNGL,-1.9166005,4.3582935,-14.777554,9.170571,23.948124,-0.46850210428237915,0.3825314,0.32579947,1627.6933522846846,-6857.76708984375,7514.9106,2818.8987,1462.2922,1078.7294,3942.2075,2052.8318,4030.8706,1806.065,2892.8848,1579.1606
-MIwlrO2-BhSr0Y8Q6OT.-MIwm0nfiMmo8ZcZp3VZ.-MQWCkkacyj7_OqheLWV,1.3098227,1.3156759,-1.1039249,4.6294446,5.7333694,0.1368662714958191,-0.46377063,0.08568323,679.1816909634318,1628.76025390625,854.28046,247.08691,320.90042,574.4856,129.16423,224.90143,61.86628,107.82689,82.51926,20.755411
-MHpXA9l-8jNikbWEcCd.-MHpXWXaUD-KG7g20fru.-MHpXapRziB9UCV6Ia_c,-0.0987556,1.0570878,-2.5720224,1.872834,4.4448566,-0.28042417764663696,-0.20977831,0.09965056,119.11125621076866,-59.252403259277344,156.01167,327.66803,172.33917,167.51953,117.92131,18.188896,32.90002,10.017236,13.302955,19.97352
-LwDIOlM_-SoOdQMs-01.-MmbIP19Z3GImJzl_hcX.-N33q6o1tOGMm5kP8gx0,1.3155333,0.94171506,-0.3150032,3.68196,3.9969633,0.636675238609314,0.33125615,0.098781526,422.7037971748646,1001.135960906744,273.77713,63.31288,321.53815,202.75844,67.25153,96.47974,104.706665,72.6161,23.807602,17.961805
-Li7Gw53VbA92RZ3ABZB.-M-nnzs_CQxmNYcgiTb-.-MZMbkfzWm5H7gqTeFOV,4.4864464,2.3986206,1.3953772,9.818528,8.423151,0.7375782132148743,-0.61120415,0.1559124,309.5024272867478,3522.319132169088,915.4354,665.39404,538.6536,298.8286,96.5183,264.16632,125.279594,81.79701,62.86056,54.077194
-MsEbiGjx7SGAQ4x_uhj.-MsEbuovMjA99Z_1HoRL.-MvrnkldzfodjUe_66NF,0.06738932,2.5954568,-6.622794,6.3902655,13.01306,-0.31393197178840637,-0.34219193,0.53254104,4323.9104323664515,177.80965076883635,1132.4799,1088.7339,2132.72,2665.0864,929.27234,1730.6604,669.1962,410.83286,1603.2975,635.3274
-MUDIcWtRJGFt3XdDORq.-N9pNgEs2W2VTgnPNFUV.-NE5ICDQergiQUDJDMk_,1.0964264,1.1216421,-1.4546777,2.9578326,4.4125104,-0.441954642534256,-0.44647884,0.10041346,500.1419172359624,779.3950279752413,216.70682,356.49585,339.193,120.17608,109.05922,22.732817,16.989517,27.562113,23.533766,23.309744
-Li78_-q6o1fQuak5tjs.-Li792Lr928udbQJoVff.-N0F-x-vcHp2KgH3b2M2,-1.097699,4.425212,-8.797356,8.867592,17.664948,0.3554190695285797,-0.7019839,0.5233597,828.1497861202098,-1868.270263671875,1659.4984,671.1474,2784.3726,3134.5059,1762.913,1789.2919,390.45367,562.14197,135.39258,358.7968
-Lhe7Rr0kRFC2_3jT8E0.-Lhe7ZLURi3KBGWKzagL.-Lhe7kfyyiTXDduEKjAu,-0.2634995,2.2071996,-4.84341,4.681925,9.525335,0.12184612452983856,-0.66631556,0.112424135,1435.8971549573248,-612.512939453125,1635.0353,1039.1061,2720.7092,847.26117,460.6366,656.8039,392.72916,310.56097,288.00613,88.92908
-Liq_w4K5UDKsni46WKd.-Liqa7QMEVYvlAPfvU60.-LrI79ORtKR3SA3CquhD,-0.72279775,0.5727606,-1.8759731,0.14146107,2.0174341,-0.539291501045227,-1.0084889,0.074521944,277.80610447400176,-358.3565673828125,106.34464,94.25205,108.776566,74.101685,36.013733,36.36687,12.917313,1.0762786,3.1885438,3.2497485
-LhA7iwTeQapDTyS-SYT.-LhA7u7fdAzf-Ce6-nAO.-Lp2o64fAvqUM_6nsDUv,1.6810458,3.7115526,-5.8541036,10.279035,16.133139,0.42673495411872864,-0.12363601,0.09079841,901.8259169368009,5603.545762807131,5531.502,1318.9723,2285.4995,4616.3853,2780.925,2697.0935,1309.349,277.5963,515.38416,546.75494
-LrJ0yu2MQVIC9mmVQU5.-NZjmUv_cMIv5q37qzKZ.-NbDzthshkXePsseMuSw,1.0619562,0.91608346,-0.9586398,2.646885,3.6055248,-0.3095835745334625,-0.8537359,0.10930991,860.9199243881937,1385.7842384576797,481.13623,380.60587,91.765015,401.68375,255.74092,124.78047,57.151978,167.979,112.94234,65.815285
-LqAlBMdW0SudzsLML2z.-LqAlFESFzQexx-7wZi5.-M0vlRL1qXqoY__HCv1Z,2.7041323,5.2699566,-4.856472,16.271399,21.12787,0.7195307016372681,-0.1101706,0.3071611,1545.0934862646886,6320.69921875,4064.1165,6880.7188,1906.1989,1000.53894,857.2433,1272.1227,1429.4246,531.6507,693.593,248.30626
-McE1oz7o-gH5vQsbCKZ.-McE1qL5j6GA_l7lyo4G.-Mmak9pHS_gz8i0Fzsxy,3.3835573,3.5669923,-3.4502063,9.992773,13.44298,-0.10921373218297958,-0.94258976,0.15547991,683.7934392873572,3581.0927734375,1456.5848,268.58557,2005.9221,821.9692,341.48193,191.25221,209.33482,171.2252,141.47783,70.92377
-NPHEioxpiSR3kwvE0Zm.-NPHEm5wrBqR5kaSgw7i.-NPHF2gyIvF_lxIic7_s,-0.17411889,2.2584176,-4.8000374,6.0222254,10.822263,0.7414249777793884,0.7088201,0.2671646,362.11065781332263,-243.59796142578125,472.43716,337.75577,1248.1943,913.1422,1137.2682,746.91144,302.14072,287.9392,181.86426,8.912012
-LiMpCaA24H9MjEXOVk0.-LiMpKyjdotKO7FGl0BA.-LleryZMpdbxc82zSzo9,0.17134719,1.3781395,-3.0597367,2.9340436,5.99378,-0.1114705502986908,-0.3774221,0.053099096,2844.269807796694,255.85387585063776,906.75256,337.7082,918.75433,224.60834,295.83722,354.0492,18.975948,167.43239,41.790688,87.313034
-LhKVtvaBGb1puFWOmgR.-LhKW39s7wkxN44JF0MW.-MGCimrU3wCWX6osv3Nv,4.5856953,7.4710097,-5.717266,26.951593,32.66886,0.5224654674530029,-0.5304251,0.83925915,404.7991477433502,5967.062486449878,6074.852,2401.3801,1097.9537,733.3067,911.8958,416.50568,281.0839,673.7032,565.5469,565.3978
-LkStkgOz4aCQplRjDVI.-LkSu-v9GyFDvJPWbbAu.-LpgaRMtqvAv1FkB8FTL,1.1236813,5.6288424,-10.936598,21.053696,31.990294,1.3175396919250488,2.247209,0.6409435,2015.7020123268942,2942.721349000931,4865.5947,2240.6167,5160.141,5416.115,2777.9143,2273.595,2573.376,1436.3906,587.7929,558.4235
-LzBsAGwh23ynWFUHLBG.-LzBsEdYL9vH5jYJC3Nr.-M-nHJ0QxvtLZh-zMjv9,-0.43024442,2.5945325,-6.0965114,5.422434,11.518946,-0.047849416732788086,-0.73331404,0.12489951,128.06361811371286,-877.1037020285925,2310.6782,884.7239,749.82074,2266.0427,919.74426,675.0238,411.99973,504.20157,256.71,425.15482
-MlnIP2MnRnwcDcF4aK1.-MlnIWs5WnvJ7-xZxHDk.-MmvVrnqpDGLkWz0inWZ,-1.3680795,0.91327465,-3.3467464,0.1491631,3.4959095,-0.4617830514907837,-0.48026824,0.09293032,238.2306123606614,-595.4104638397694,207.60886,57.11103,62.84759,161.43025,26.291367,38.980293,7.5101204,12.919614,9.370094,13.884123
-LceKoJLHb8IoImrI10u.-LnCM3vwNpIsMhOoOzDc.-MgKDvOWQae74Hi_GVfw,1.0465424,3.2233496,-1.863272,9.977269,11.840541,1.422678828239441,0.9699094,0.24339175,158.43215514687046,711.1297607421875,1191.667,684.37354,683.68317,276.98352,142.15715,52.89305,29.54161,43.50097,22.15911,45.57457
-LjL053LDwz53ECJceWS.-LjL0WQ8L4ws1NV7CsBK.-MTKo96eDEEOb_RwKU0w,-1.4416648,5.3798594,-9.178434,16.33384,25.512274,1.2791181802749634,1.8228855,0.39109468,941.8241774975337,-3074.961669921875,3113.1995,6152.5884,3152.5227,674.7736,1226.2142,1490.9133,480.4037,831.2806,947.47845,581.06226
-Lht2eTXnmfpJmP58xnY.-MlP5qcZxRrE22TF4Ibj.-MmMBiedxtF-iXZCdfeL,-0.68108433,2.6208117,-5.401043,3.6819015,9.082945,0.14766906201839447,-1.2809405,0.16069862,1074.599019111762,-1401.96240234375,1414.0054,117.34708,2869.905,1070.955,1347.5715,846.4928,629.66235,305.5842,210.74559,238.80177
-LqFtigfNxKdOAKfEw1V.-LqFtqM-8rDvc_4lFwkq.-LsM6Lsf-Vb0LOinER-X,-0.49823922,0.5333811,-1.7153201,0.36091796,2.0762382,-0.5094984769821167,-0.6421938,0.042157948,410.2006285908537,-427.8645003984372,237.4105,54.14486,60.66146,185.42416,61.802456,48.714123,17.54964,10.722108,18.956474,17.59385
-MuohO_gtqg0k2r683cO.-MuohTxXe5Rvw6M6hPGu.-MuohZzoPEvo66K-0AZ3,-0.9731631,2.075798,-3.7644548,5.707666,9.47212,1.5871860980987549,2.186956,0.5936992,658.5053977198593,-1440.1158919334412,683.34674,1064.3318,1386.4489,492.9131,712.3774,32.461346,173.65671,211.6234,163.5046,272.69995
-NQ-8XZH4uEPIvQYE3Qn.-NQ-8bf09RrpT1J8fX2j.-NUQ74H4JKrFDMkkcjuw,0.037352573,0.43836594,-0.9571262,0.769849,1.7269752,-0.5295197367668152,-0.32047725,0.11220131,-76.15549403491643,4.94497724622488,24.242773,15.506038,22.236498,0.55591,8.602761,5.185605,1.1889433,1.6391785,0.29025555,0.7743884
-LnRUo67yQGOfr1rPlTl.-LnRV1KUjTGqgvA7Sow7.-M9XiIAUTOfHvhBy6bGD,1.0534817,4.128563,-10.035575,9.205633,19.241207,-0.4820384085178375,-0.02859068,0.13151902,990.1890772212255,2635.2037580013275,4098.5337,3356.86,4419.8384,1390.3992,1493.3663,320.5528,671.15186,104.3866,193.75964,232.04318
-LlBEMo2wsK41U_i4Ff-.-LlBEbuAIaFAvd6Tsudd.-LuCtAghlG6JDXD__IQ-,-1.7629895,2.7859666,-10.116198,1.7339045,11.850102,-1.2941310405731201,1.2893658,0.12196338,713.0001140405768,-3936.53173828125,1789.0703,1918.2291,2888.921,1049.576,1477.6671,539.8457,305.60458,299.44867,440.10413,121.19033
-MlncCIzfvXlSdE6UGOX.-MlncJ6aZgLuy5QVF6mv.-MpFyWdNqal6SjQgSq3B,3.2427855,1.0116705,1.3859919,5.2481093,3.8621173,0.230066180229187,-1.0069641,0.052642822,433.2039504446897,2540.1044238607087,457.19348,144.30435,237.37056,138.26143,43.78524,48.594707,27.489655,11.150681,32.134132,17.712116
-N41OWjqm0AC1J5ldNna.-N41O_cR_stM72R2HIft.-N41P2rMGZL89OaJ1HOv,4.249137,1.7091098,1.6690167,7.339483,5.670466,0.25889822840690613,-1.4473743,0.15789819,312.419491310444,2602.5140591859818,188.85579,653.9062,62.866524,52.30308,211.33205,161.16621,50.39947,61.795444,11.42226,34.30858
-LimCEPj4cm8u6UaR3tY.-LimCJq_owsUDVdRu8Y8.-Mw6SZvarh8o9L0KVEwO,0.2825228,2.17616,-5.411599,7.139117,12.550716,0.5429335832595825,1.6656537,0.111786366,598.9883300899286,777.0350952148438,1489.022,388.6641,2038.3427,1801.2876,2198.7463,1087.0448,1073.701,536.9746,297.73352,358.21335
-MROkmsNd4l5fOTJ9PT-.-MROktPij37cL2mmx0zn.-MVQ6UboCqIkZk9jVJ1D,-0.22646394,2.0836716,-3.3420618,4.1621895,7.5042515,0.5356292128562927,-0.9141419,0.066625506,2488.9977699245774,-562.22998046875,1010.4593,367.0338,3053.5532,1102.4537,495.3335,781.5987,339.47522,391.89047,497.959,231.16739
-Mxrnbt0Kh9WNmD__FeH.-MxrnfgOradXY7LBxIU9.-MznfKO5qe2EHYAcUAW-,1.3161346,2.5257668,-3.2480252,7.3883963,10.636421,0.2710234224796295,-0.20306563,0.24092445,376.20366533834783,942.9017980496088,313.06207,696.3092,651.5745,709.48926,281.31494,228.45647,124.576225,15.798283,19.342125,30.451733
-Lp2Zitht1JMuO9k0Xp_.-Lp2ZsWy0LCBfO3z3lw0.-LyhzUvwTI5KUwJu7_B3,-0.2940893,2.0534801,-4.4615374,2.6544473,7.115985,-0.3646395802497864,-1.0815887,0.1123386,923.3964390182155,-344.956352909406,1250.6089,449.84448,861.7027,607.98376,100.39545,184.09167,109.57883,55.463165,157.58815,30.916456
-LjV7xs7C-72wzKZEEu-.-LjV85uT0YsZ6d0aFabD.-LjV8Q8aobmpBk5noqBS,0.310263,1.5722686,-2.1103194,4.305505,6.415824,1.0522162914276123,0.098101616,0.10270345,479.85644502044204,368.0779921213786,852.4067,440.09952,609.4531,595.2418,256.71027,70.43677,147.23354,164.15103,49.936897,24.465078
-LvtsokQOmZVI1tAvlKh.-LvttdGp-u6JnO2-3Gmy.-Lvttkv5AWR09MBvHULE,0.4782497,3.631184,-7.055541,6.675872,13.731413,-0.47589653730392456,-0.74132705,0.16148528,-752.5545551160469,558.1661740342776,1973.6179,1236.5106,1597.47,861.6528,249.49164,116.97867,145.24265,87.44733,17.290422,98.36202
-MSWv5SlosprB_aFvJYo.-MSWxCHFz9KWgsjZCGR-.-MSWxRF4zm4gsb8JkQ3u,-6.1202354,4.280287,-14.954466,4.5419345,19.4964,0.35731643438339233,-0.44533372,1.1204032,935.9324981489912,-10230.401353518168,1277.2938,2870.4578,2960.6228,1187.1213,340.5721,296.13144,319.1513,829.4661,1166.6606,797.6968
-MnyeTyNHSzHjQzXaV-S.-MnyecqEVayWLBiTCwY2.-N4W6hJ8C_doOgpq3bTz,-0.26527867,2.7098875,-5.449679,6.528524,11.978203,0.5343565940856934,0.29126573,0.12230486,2955.1591852065753,-523.9135647018751,2365.378,867.7718,1757.9979,1587.7101,1059.4569,623.17316,622.4957,102.08995,231.91495,106.39995
-LhKVtvaBGb1puFWOmgR.-LhKW39s7wkxN44JF0MW.-MOeRQv8ui3nrlcEbTht,-0.037369743,3.093066,-6.905628,6.3214803,13.227108,-0.09519647061824799,-0.8017237,0.11846876,13818.700139677201,-96.50838031371434,810.6934,777.46466,3568.225,1261.1833,3119.1072,1914.249,338.4201,468.12915,893.65564,272.79587
-LkTO1CuQrlaMdFEn_ar.-LkTOAdl4dn0YRMx1iA_.-LnGtFcceXckt0HQApn2,-1.759552,2.562184,-7.913513,4.3010516,12.214565,-0.4028119444847107,-0.5539262,1.2026517,1708.5638636108235,-6947.5732421875,4244.0854,266.20886,3329.3281,2836.6274,1379.3113,1880.8373,793.13104,199.18825,530.03937,690.6448
-N12ztQ1CjdoxS8yF7au.-NXP6rmRD36AhuVmJJkg.-NXP6wVyjZU30ga3zkFB,0.19314142,2.0883348,-5.515442,5.510888,11.02633,-0.20411649346351624,0.21895313,0.45802605,1619.7844114131537,231.14288330078125,382.33478,282.68814,1062.8281,817.7369,813.3659,592.9497,133.53766,36.87851,18.272953,67.28939
-Li7Gw53VbA92RZ3ABZB.-N1glgPSQZYOfWaU9QbV.-Nm5g5T65N4w9rSAk3Zh,-0.78762007,1.7380395,-4.15162,2.1376076,6.2892275,-0.0924980491399765,-1.0364223,0.1310193,157.92314373556948,-1087.7297100126743,684.86975,275.35144,1447.439,245.11911,300.38943,122.19548,167.7884,151.82259,83.73097,59.530052
-Mk148F9NqQ5AYY6iB7u.-Mk14I0sy6V4avZaKxRh.-Mk14i-qiytfLRs3z38j,-0.2879443,1.2392706,-2.8884778,2.5079932,5.396471,0.1727522760629654,-0.6344924,0.12520742,868.4247564677711,-258.72216796875,192.88358,139.42578,641.9036,191.88908,216.92464,64.32126,34.58581,184.47719,27.911755,136.1376
-MvNOnbh2Qh0ZTFU0LjI.-MvNP266F8UsEgWYnrZI.-N04dfENnFaomjr0OWRE,-0.09911332,1.6607877,-4.4056864,3.113412,7.5190983,-0.5231698751449585,0.5527477,0.10445869,-2384.276085160623,-79.27848815917969,452.73505,615.60736,467.71924,175.10237,89.66949,137.81047,44.36107,26.145763,37.14178,14.466831
-LnGiDGrlmz9FvHsGg3w.-NKvj28zFgl3ZKEbqJGD.-NbYM3YpQPhBJw5E0yJS,0.30419403,1.9817828,-3.5490334,4.560426,8.10946,-0.07016189396381378,-0.572572,0.122680634,513.0004340912755,384.27801513671875,794.10925,203.42548,911.8266,1098.0573,534.66125,189.19424,85.520996,210.5792,58.895706,43.180706
-LsVlMLffp0SgAp0tEX8.-LsVpvvNc5iRCKfLMuPm.-MLl-wAk3A8USrYDzoLX,-0.92530835,1.2122887,-4.847887,0.9586814,5.8065686,-1.1488347053527832,0.7398708,0.100139976,1407.8523894195662,-2554.589520494143,289.58154,813.8999,1215.1921,490.43716,799.94794,549.8373,504.48654,892.4083,713.60034,183.39632
-Lim3WQ1HgxKNt2gv-gq.-Lim4Dw3Qcgfi3SUInGM.-M8KNLBTJ1znQMAzrv4j,1.0797102,4.0933437,-6.646707,9.426472,16.07318,-0.08146755397319794,-1.0398396,0.36996675,1532.021795251207,2925.2891224225364,2306.9758,5120.524,3881.3552,652.2097,1231.5072,2292.0469,605.1962,952.08276,1299.8019,347.22455
-LiRv59cby4dDJ4r2Pt8.-LiRvJW2y2opdZ5s36FC.-LoZVy5J8GvlVoapDf3B,-0.44656703,1.8964081,-4.207523,4.3675284,8.575051,0.21952597796916962,0.085749865,0.099114895,815.0291781742006,-854.7360929350058,803.20996,1066.9819,1019.2387,1043.8901,1421.0071,446.86926,495.86948,238.6596,278.18466,196.24147
-LhiqvJomH3VtlGGkEcT.-Lhir7NnaPTeuIn2k6LD.-LhirS1QqCWmNCpDA7ZC,-0.5678535,0.9581651,-2.346888,1.3076732,3.6545613,0.09438242763280869,-0.84890676,0.043940485,843.3353860637083,-733.86572265625,676.9968,254.94113,416.70526,212.51134,38.93111,9.249204,122.89649,21.546026,42.331043,46.91487
-LlBEMo2wsK41U_i4Ff-.-LlBEbuAIaFAvd6Tsudd.-LoUf3yFdQw7F2bN1B2X,-0.1829149,2.2219994,-5.0511446,5.043896,10.095041,0.3443485498428345,-0.5742705,0.06816983,362.26725169703514,-519.3156127929688,739.2415,1111.9132,2680.7527,2169.2378,1793.5997,989.38464,976.0148,373.459,515.39325,459.5796
-LqFtigfNxKdOAKfEw1V.-LqFtqM-8rDvc_4lFwkq.-LzaXeuHWnH_YhG7eIu4,1.5759736,1.764592,-1.5078425,5.1413264,6.649169,0.1710750311613083,-0.8498738,0.07187754,624.1067090271896,2029.281005859375,834.4061,389.34558,1201.3461,222.71277,382.85754,158.42728,171.5794,125.545,96.212654,42.39028
-LrEOj4rqH7ZBpA0UNkj.-LrEOytkjv0CyFTCOSXH.-Lt-_fdo0YXkDf_0DYz9,-0.0045651356,1.7886089,-2.5302563,7.8742614,10.404518,1.4378178119659424,3.3796954,1.1592386,-34593.26718292393,-7.205506344636282,512.5075,498.67563,177.15802,269.79138,486.27502,146.92392,247.7919,165.80452,68.75347,84.176315
-LcfARU6yMZ2m2s6CoLf.-LhiLyo332AVoAFcUndg.-LoU0rVOOmA1bDIx3zLF,5.090338,1.815791,1.4329087,9.21071,7.777801,0.4799191653728485,-0.3260157,0.11898601,548.0938331221889,5143.939272761345,409.2942,733.2333,628.82715,533.8422,215.82878,457.76825,89.04932,116.34413,49.257442,105.365685
-MmvuWo2tXooeUEt9Zkn.-MmvuauDH4OttJfLfl91.-Mmvug_IIoHf4pzhMCcj,-0.42040938,1.964934,-4.457644,2.9377038,7.3953476,-0.16389934718608856,-1.005524,0.08399236,-890.6802557746054,-790.6895143290361,1720.5068,373.50494,1540.4897,552.30774,889.2363,162.00455,229.9523,273.63626,286.30722,79.257095
-LdsDCLVJ9GKDhOv1RCJ.-LdsDHiElL50x-mKyIiC.-Leq5oW2ivQbUC1LbH63,-0.33067867,2.2677402,-4.796807,3.3829725,8.179779,-0.11283743381500244,-1.0712595,0.08988452,2310.428120226848,-839.981201171875,2208.5479,679.1752,133.56718,756.77435,2215.5454,1336.0575,1455.3662,631.52985,599.34186,622.76154
-LiIGVqcFTTU_qRCRe_m.-LiIGw_v9C8CeF8ppOnF.-LiIJClmEW2hOiy9tXQl,-0.23658168,1.6892226,-3.476328,4.5926657,8.068994,0.6010034680366516,0.3167343,0.32946694,1760.639373700762,-440.739013671875,459.35226,860.4324,863.98206,1273.0543,905.84656,132.66145,59.953037,510.84967,405.27188,402.0743
-NaBB-ZzQQZNe-6t862h.-NaBB4AGWSTahc6MBnlV.-NaBB9clJjsJe-BtgU5H,-3.819085,2.4424863,-10.705484,1.6242448,12.329729,-0.380174845457077,0.72891474,0.09942937,1065.8620433171807,-8980.861328125,2135.0078,1337.5685,1258.9796,1843.2178,1282.1077,937.20123,1333.2054,345.1626,219.7316,327.19376
-Moh5mqOGpsYy_5lzQFG.-Mpur5cab91I7PCUGxts.-Mt2eNP_kEPvSW3pFO4M,0.9566806,6.7103963,-13.443639,14.865153,28.308792,-0.2632700204849243,-0.3949132,0.43052864,-378.76224290217186,995.8133544921875,2699.0347,829.43115,3590.4946,917.1372,1264.5126,541.20953,766.8391,343.60446,406.2053,285.2116
-Ll6cs_2_PISse2tMbIY.-Ll6d2JxKsxCBH7cEtzy.-NYvl8Isv0BiBCqgcige,0.4583528,1.8337255,-1.8836213,4.752149,6.6357703,0.8080387711524963,-0.4174497,0.33014685,739.7800225165355,385.08866087595624,632.79205,264.67395,784.7052,201.85294,138.22775,28.15439,98.46416,145.72969,99.982056,39.168133
-MedmeV_zcoehIZbTGFP.-MedmqLOEbHuYK_dsgQS.-MhN64QGEOEBhlazNuUB,-0.54145443,2.2186174,-4.6106906,4.9613585,9.572049,0.3114888668060303,-0.16105819,0.16627955,-124.77835719754422,-1164.367919921875,678.6822,1301.6343,1578.3347,2118.2434,385.25452,656.2498,923.5846,268.3315,458.10577,297.13116
-LeLiaV_6NrLdFlMbLi_.-LeLiiv6COUB6rvloOYx.-LvofCTinDNoO1soc309,-0.14712605,1.1659292,-1.9194974,2.4274025,4.3469,0.4683762788772583,-0.959497,0.07245937,-9.337814096557308,-165.5503853559494,459.61127,116.60599,499.96027,540.9369,142.98793,217.93921,153.94675,84.67154,46.821857,61.920647
-M-nSsF_i78yWKTU6Jpi.-M-nT7byCCsOazYBWWQx.-N7FID01-yuZ2AZHYjMw,2.2815077,2.3416038,-1.7172817,6.7651114,8.482393,0.32639122009277344,-0.98931265,0.118899465,431.6669806825234,1788.823974609375,900.90643,851.6668,117.06686,297.09604,107.045364,128.6842,63.843624,74.29239,50.199574,66.31203
-LjL053LDwz53ECJceWS.-Lo-r9zciba06Hi4D04j.-NoB5A7O_IbQyAyhS0qz,2.1868901,1.7534413,-0.47431198,5.9464855,6.4207973,0.4472159445285797,-0.76164603,0.13375418,483.1604471272819,1617.6552734375,701.8582,439.64142,310.40607,174.12137,131.40135,27.009977,95.57808,28.346363,35.246494,19.186579
-MrWMcBqkBqlw5NMQFkQ.-MrWMzdYx8o6uIfb6ulV.-NLe_HU7SYLZhowHFHi1,-1.2781903,1.9872532,-4.476997,2.9416718,7.4186687,0.3373747766017914,-0.86870384,0.28900766,129.50768014014778,-810.63720703125,635.68005,110.28959,523.9818,89.18959,223.35095,183.8376,76.92779,44.91363,53.72206,60.603165
-NeMreqmG_AJT3wdYmIR.-NeMrl1wnG9vXRJZgzVd.-Nh6NHxtU_mq0eSLMraE,4.359376,2.192181,0.5485555,11.000487,10.451932,0.7814157605171204,0.2882321,0.3717277,672.5032821906226,5417.7822265625,1029.4843,995.40576,769.2637,846.4636,263.66696,165.49019,122.20494,299.36496,117.56242,160.8113
-LhoU4seL8pPSnfenVfr.-LhoUMF2TE4yFPPoyNA8.-LhoUwRjBpzvEYrAUQ9s,-0.53983986,1.2100021,-2.8757014,1.5163215,4.392023,-0.3131673336029053,-1.0679663,0.07394093,752.7012484728244,-848.2460589657227,187.14279,99.82064,1115.9608,290.9092,494.55258,195.34465,219.07066,125.75859,148.6788,134.79681
-LpCfG7dWaWaSmDyYNhA.-LpCfLeOzt9NMkzT43HK.-Lq_a5kboUnMYnm5939v,-0.63748133,0.595755,-2.0168495,0.3520167,2.3688662,-0.19704189896583557,-0.6487477,0.107858,65.71546404677031,-101.93357849121094,52.59715,21.096928,17.06595,33.49852,2.8756094,5.005275,6.271295,3.1824925,1.6047791,0.78067356
-LhtgDx5KeVU6cU3K9Dh.-LzfdBx2b-FaN5Ij9lGf.-M7lhpLC39wbgfYZsCgl,1.3258353,2.205681,-4.2221656,5.236917,9.459083,-0.5221765637397766,-0.26207185,0.088054895,1122.3396611803585,3104.6591796875,575.4577,1582.8293,1118.3424,2286.0923,1306.0072,1265.2206,464.98538,261.5197,340.28983,282.39136
-LiHdzI8lpqzkkuRhCf4.-LiHeFL-BtOWv8dfGtAP.-Lr7uz5LAL_-7XBdGLwi,0.47972995,2.8174734,-4.711386,11.3989525,16.110338,0.8588465452194214,1.113399,0.7507374,2340.8267965936634,1121.268310546875,2247.5725,1169.1289,2719.3567,1005.8975,1005.3649,635.42645,414.52747,751.71344,1037.3741,1003.8662
-Ll6O1Drda67zTGbu6UM.-Ll6OKVLeAg2rdgD6T96.-LrsCl6BbzhMmtDdfjsx,-0.9582254,2.9105854,-6.266234,5.3204055,11.586639,0.40476685762405396,-0.7684066,0.47534013,841.9466977336291,-4693.13623046875,6577.867,465.06683,4699.1255,4028.3455,2176.7627,1526.6471,529.69904,1773.7961,1845.1002,1269.8772
-NJErXKLwkd1nbg1WAvd.-NJErcSu-bZzgcub_6av.-NV8Xi8iE1npq5uWxOeB,1.0739201,1.6920937,-2.1836956,4.543055,6.7267504,0.0634634718298912,-0.88917375,0.1565702,899.897517835337,2457.998947456479,1057.8774,834.66675,1324.4329,597.1984,755.1875,1458.451,518.22107,532.1215,251.70177,319.50784
-MhNN1bJHULuBvSQATSc.-MhNN9OZBj4NwiKV6zuQ.-Mtlwwlhu0SqUsZl8IUt,-0.055414908,1.5873042,-3.0471485,3.370184,6.4173326,0.16964051127433777,-0.6735158,0.08161771,-178.58361426189288,-64.62596130371094,528.593,570.4136,270.3418,811.88983,591.1026,245.3516,255.10255,15.515724,35.307392,52.833923
-LjGBIYnULLBckx6_33e.-LjGBSWiBH-PwIJV_e8T.-LkSctw0wp99Ty3XFzIx,2.8251064,2.6080985,-1.3064047,8.081634,9.388039,0.4476322531700134,-1.0589314,0.12774086,1179.950387593401,6103.7314453125,2680.6172,606.9235,1506.6656,1288.2211,1001.68555,1386.1658,1040.7883,302.89215,172.68973,248.64456
-LhKVtvaBGb1puFWOmgR.-LhKWJhP_PX0yKWf0V-S.-Lj-ykgW9ou98DXJoDKm,-2.3827186,3.4771206,-10.576115,5.746461,16.322575,-0.16316771507263184,-0.5652156,0.44007492,491.17392319212905,-3172.407426774502,1578.5642,1902.6488,971.6824,847.4462,1027.2887,419.4863,678.25055,642.8675,557.63477,502.62402
-Lhe7Rr0kRFC2_3jT8E0.-Lhe7ZLURi3KBGWKzagL.-LkwggKR4hJ8objwAXj4,-1.1784734,2.881658,-7.666974,4.9776525,12.644627,-0.22005587816238403,-0.51312613,0.06892252,2071.7122877905517,-4198.900801042716,1440.2781,1126.7737,4421.1924,3184.3235,3556.406,737.3779,316.74673,1819.2412,703.46704,1084.4951
-MLHXDQ2BX7xY0GEal8T.-MLHXluRZevq2K-wq4OH.-N5o76OU8xTuFsO7Y8tj,2.3441553,1.7778164,-1.4324763,6.6477947,8.080271,0.2656921148300171,-0.15054679,0.08640871,869.7292374179258,4394.86450501283,1206.8347,677.96704,1012.7879,1368.8517,475.4062,133.90118,395.61337,391.98666,324.4322,159.22993
-MtCj8SwGFmpFsHbHeCZ.-MtCjBMJjR_Lrt-qY-Q6.-N-amBAXU3G5xxkfNUfR,-0.8368451,1.298399,-2.992353,2.3242347,5.3165874,0.29872214794158936,-0.71056366,0.07555497,861.233443521379,-1101.9929055372875,523.4799,207.69507,725.934,675.6225,132.06544,264.9055,57.5708,187.20634,126.01532,61.29758
-LrIRVq3IK3HG10yEBuK.-LrISdQltvo9B1C3m_ci.-MzEZvy_herew8utH_uK,-2.868195,2.1503468,-7.6891975,1.2601925,8.94939,-0.46821901202201843,-0.33256292,0.36111736,442.3295881065835,-2749.108650724093,401.07944,471.59012,963.1927,681.4168,238.23874,408.11478,43.57774,224.64212,92.09278,105.18316
-Lq0KV4JPchaDLAS9rVu.-N-SGW9DznAUWExATI5x.-N-SGv6DgYOJ6q_SMDLB,3.2418385,2.784863,-0.89100426,8.950071,9.841076,0.3767257332801819,-1.0442606,0.19151449,483.2151039650361,2893.9495499928794,512.84576,323.02924,1573.2926,389.87585,129.35393,263.4908,83.13338,7.16451,45.756542,80.68202
-MROkmsNd4l5fOTJ9PT-.-MROktPij37cL2mmx0zn.-M_yxfNlM0tASH6gIsCz,-0.48014244,2.5584521,-4.509021,4.8284893,9.33751,0.21266557276248932,-0.83542204,0.058205366,984.8468419705753,-822.9879150390625,1876.237,811.4618,2260.311,367.01758,344.32437,117.479744,168.70793,164.27092,25.530308,8.403906
-MFAJPGd2erNA_vyap9W.-MFAJXOPDzpvbYcGzQJx.-MFAK8TbzY7O3ZmgL5_A,0.10195331,3.2600358,-7.814461,8.634093,16.448555,0.44047313928604126,1.1211619,0.28503966,-651.0844938524306,160.03985595703125,1194.3248,1000.74744,2501.5642,1276.7267,1113.9377,683.1614,463.6923,500.90518,499.7069,301.15054
-M-OnrHA0wmu3ymvKWA8.-M-Oo9RqHfWyjRggeAS9.-M-OoejCMkBW5OpHFT7z,0.08933712,1.2974781,-2.3493745,3.4195104,5.7688847,0.447756826877594,-0.5020838,0.08030856,3582.8586885064688,285.74420166015625,789.7288,320.2202,1451.138,1495.1981,556.44525,711.959,755.35736,720.39624,1043.206,347.56552
-LrIRVq3IK3HG10yEBuK.-LrISdQltvo9B1C3m_ci.-MQupWFKrVB2j4xCJkVt,2.158448,1.1642256,0.16675036,5.535855,5.3691044,0.5891989469528198,-0.08256292,0.14011705,538.9915908915982,2381.31298828125,428.47296,234.31421,539.70825,284.52,326.7438,141.93962,87.90381,143.35109,65.69015,45.25392
-LtTndFCQoBoQuTAwNj6.-LtTni9mCWnIyJQGPaE2.-LtTnuS1Sop3SPFdE0zI,-1.2117854,0.45596996,-2.3029902,-0.2565292,2.046461,-0.09103631973266602,-0.2789178,0.049227953,430.12471205794606,-1045.4419016738732,93.294975,81.91194,177.79031,88.11788,119.65779,38.726303,40.26884,62.696407,5.5239406,4.524054
-LfT9PcuzeyBN4p2B5D_.-LfT9ZUhyem8y37kNU5a.-LhEfi3salbmDvehKcCk,3.1978064,3.4922948,-4.915286,11.094838,16.010124,-0.20692719519138336,0.1076231,0.90081,641.5958694744844,4312.3056640625,777.85046,2113.2551,925.0433,1778.6582,1106.7019,60.12702,432.8874,372.87137,248.46732,329.7434
-LsVlMLffp0SgAp0tEX8.-LsVpvvNc5iRCKfLMuPm.-Lul2scnii-1ZSaeb8Wd,-0.1835904,2.9320936,-4.8536797,6.024897,10.878576,0.3714708387851715,-0.7509439,0.09713292,2192.596031920455,-538.3681640625,3655.0134,693.77954,3785.7754,2041.2261,681.87415,1262.2719,1159.8141,1101.505,229.36475,68.087326
-LeGr5GgY30JbjHXHI69.-LeGrASzOiaSf8oHM-pF.-M92gGgHgre9DQ4-FPnz,0.17581823,0.59495884,-0.98707217,1.1911324,2.1782045,-0.15222951769828796,-0.95693445,0.07830763,-70.85303372243028,38.85036929448446,79.21266,33.198425,37.01941,13.089503,4.984247,3.0100129,4.172495,5.336247,1.9375317,2.3272247
-Mmv_IFX3TyWt-Vnw6NI.-Mmv_U4oUqPZmikRiJVd.-Mmv_dbaTFfmgxTZPiO3,0.13166097,0.44427502,-0.70304024,1.1531453,1.8561856,0.21947649121284485,-0.5630336,0.034729913,256.3240432977494,116.71066258102655,187.67703,57.536034,127.615234,108.37411,84.2297,25.640741,24.814863,34.973534,20.678225,17.994623
-MxnBemt8NLQn2z_pmjG.-MxnCEOe-LyAKlrqvftj.-MxnGOa7q0ixuvW9O6W8,1.7252614,4.248762,-7.2780747,10.814893,18.092968,-0.010516314767301083,-0.32448363,0.24197881,403.4550988813382,1599.1072998046875,922.3717,872.2595,2292.6414,715.79016,79.56409,509.1327,90.08397,244.28088,33.838196,125.71048
-MVQXCBj_iIZqx9OEnWa.-MVQVAL1hY388kxns4lT.-MVQVYLxKibW5HAxv3Va,-1.3992631,5.245339,-14.489979,4.16404,18.654018,-0.9976423978805542,-0.1306982,0.6563735,669.4930477418037,-1698.1531982421875,880.9782,225.0803,2744.6423,2758.935,812.1675,796.67194,1303.2269,632.6593,316.85437,230.03862
-LiRv59cby4dDJ4r2Pt8.-LiRvJW2y2opdZ5s36FC.-M2XSO301Jx6OyEkVkhR,-0.064787954,1.9448328,-3.301596,5.5468955,8.848492,0.9831311702728271,0.96428657,0.11028993,4031.762445708518,-104.27459369103114,1184.5231,1125.4667,1008.4831,883.46204,501.5,362.0903,77.11302,73.2053,208.20804,145.54605
-Lc_d-g4yyU44NLZYjLv.-Lc_dR6iUjsYfyL3NJc5.-LrEJ9RIqGxLIpw7bFKe,0.5875795,0.9122599,-0.9056833,3.3191242,4.2248077,1.0502691268920898,1.0717831,0.06426108,1046.777497017683,924.4451904296875,708.5125,306.6987,350.73013,354.7479,242.67662,281.1251,83.8869,115.3016,87.740585,94.86102
-LnHernN_fpHMmekEDg6.-LnHf-cbftVM4CTskSYH.-MzPCzWJhaVGuQ1Li_-a,1.1187346,6.115727,-13.538456,17.724365,31.262821,0.1649644672870636,-0.19721174,0.72055006,2545.980489328641,3837.80712890625,4199.101,6656.427,10365.894,1877.0428,3588.9102,3460.6243,2007.9758,2874.854,884.73315,1611.8861
-MmRnQbZKoveLuMy4_kx.-MmRnVfOzlKxBmikbd0J.-MoDhdWcYk7eENXoHQBl,-0.55753464,4.259375,-8.867564,8.274778,17.142342,0.13147075474262238,-0.7466793,0.38904965,19.143413191686463,-1062.2054576277733,2804.0227,3759.5916,2215.0059,1444.9073,863.6428,601.8983,883.9622,354.42358,219.93277,825.75775
-NHTSIH6WGEuYYUbVYA2.-NHTSRVS7egqeBUpedyd.-NJid_YyvV1BvUAmU37G,0.77754575,0.75038934,-0.42366007,2.8351965,3.2588565,0.6806293725967407,0.09982157,0.07840419,350.0634918832099,469.18853759765625,254.66306,50.525326,139.65985,83.83089,47.13756,70.350494,36.80323,19.58696,16.8816,15.630789
-LeLiaV_6NrLdFlMbLi_.-LiCBvXce-5OzfiYh1Tu.-LsGdugwrbnICZPsUbIa,0.059123777,0.4462191,-0.74464905,0.9681955,1.7128446,0.28056421875953674,-0.8090303,0.02585961,670.0056725428891,48.43149948120117,82.30373,73.34306,221.47421,43.245857,26.12876,28.944622,31.016088,15.546739,15.885688,9.408593
-NZz-yrFJIgMkrvvyU7k.-NZz054n-xFyIqrXJoiy.-N_Dbq6EqgDaKmp70WaO,-0.49462345,4.118188,-7.2469316,6.443754,13.690685,-0.043037138879299164,-1.302055,0.18750465,1303.2139990637393,-531.2647894918919,353.89,3021.1167,466.12103,459.5397,70.67809,242.82463,5.413129,100.1931,170.01051,119.5653
-Lim0_BPr1N8XzZ95WvI.-Lim0jtm_H6W_Ngyf1aB.-M1AVntYM2V5HBO-4fy5,-0.32766816,0.57403433,-1.3276608,0.7938101,2.121471,0.11854878813028336,-0.8603847,0.06787321,100.3015717813412,-162.93038940429688,159.56715,97.7487,48.13387,19.65042,44.280552,3.968906,17.778425,11.468189,5.0938363,5.972794
-NFDQnh33AaoqYsdH5v2.-NFDQuPjPkpX43ydWRox.-NFDQyJwTOfr9mPnT4D9,-0.8752702,2.4750547,-8.443818,4.00975,12.4535675,-0.7653618454933167,1.7426071,0.2752068,528.4155444873962,-882.6174759864807,708.60913,426.98636,596.2633,1028.6204,264.29193,833.6216,351.4501,295.4112,203.64787,177.78362
-MrWMcBqkBqlw5NMQFkQ.-MrWMm-bJkLdGSQBRCb6.-NOJjBslN-G3Wtvvhzvx,6.3572636,3.1858068,1.3543547,13.699604,12.345249,0.7334656119346619,-0.20000744,0.24661326,546.6252290569792,8197.296875,2119.296,920.27686,1468.107,602.0845,218.43567,440.8176,178.67937,473.8805,71.23472,134.49059
-McE1oz7o-gH5vQsbCKZ.-McE1qL5j6GA_l7lyo4G.-Mppc4lk9h94yyRHc2n4,2.1453757,3.0550652,-4.7258606,7.3958044,12.121665,-0.505305290222168,-0.537133,0.22259045,562.6818642406519,1528.533203125,861.4004,421.19696,891.16364,770.87524,127.48676,94.78166,100.394394,163.40524,72.93556,65.510506
-LkXdHJF83_HuTFp1rKX.-LkXdNOQzzEmDdZ3ixjQ.-MpFogCFWpek8_qQDpcG,0.15312202,1.7402796,-4.5703135,4.1153965,8.68571,-0.45969778299331665,1.0945215,0.115489244,124.08822846500522,179.64319080114365,654.2296,673.02924,757.3352,702.0338,200.14595,161.38892,183.68137,97.74355,105.680046,73.052635
-N0Zi8FY955-rvKl7bfh.-N0ZrBsuAmteZSksAILq.-N0ZrG4EPaoMpHWpzvcG,1.3619809,2.6056573,-3.0767226,6.9830627,10.059786,0.11565563082695007,-0.8685317,0.12417972,371.02949510344877,1286.8389892578125,734.01715,890.21674,1126.0984,440.88715,454.3406,79.38689,64.373116,117.70831,59.12842,29.074379
-NPWUIACdTwIvrDgwDhk.-NPWUTvWfyoQtbaQftYL.-N_DEfB3XuGE5zgLdnJW,0.09861977,1.178004,-1.9579,3.4528167,5.410717,0.9238254427909851,0.67991996,0.06748031,2122.858093748729,151.2178497314453,535.25,537.24304,940.5658,220.01764,143.86732,208.15906,172.7176,113.21021,107.92304,23.068302
-MzJP6qhOf8I5r38QOGy.-MzJPFkskaLDk03IbXto.-N2QjCIK6nzUUjFNjNEG,1.5097929,1.4359,-1.2108411,5.2219076,6.432749,0.8617542386054993,0.5758021,0.10989022,602.2328221481381,1726.622802734375,384.1963,750.4653,760.8557,108.50313,162.63402,21.179823,72.876305,60.138367,16.041534,46.508686
-Liqk8kEumR9YZeKa6ro.-LiqkGfiBrqSWByPHudR.-LiqkXYXc6d-yKsHc7rn,-1.3418372,1.4258375,-4.19014,2.166182,6.356322,0.18246713280677795,-0.33094263,0.08046544,639.471921248726,-1583.3665771484375,650.9241,336.95157,636.1088,601.12286,223.50195,66.00498,137.19682,177.41238,82.70785,41.800907
-LhKVtvaBGb1puFWOmgR.-LhKW39s7wkxN44JF0MW.-MFF4wX0hJcvN753j5g4,0.12653112,6.141051,-11.893813,11.3802395,23.274052,-0.015430890955030918,-0.6750119,0.35386944,13509.458952906787,222.42658352851868,6023.4985,585.96985,4307.6445,1852.7789,849.3532,577.61163,403.2504,116.91434,335.64175,338.20337
-LiRv59cby4dDJ4r2Pt8.-LiRvJW2y2opdZ5s36FC.-Ll168Cvb1t3tcXRNv_U,-0.3103773,1.4368162,-2.2842221,2.632625,4.916847,0.6430484652519226,-0.6790347,0.06677738,1784.1509757961855,-430.84796142578125,1218.2657,501.06067,183.71869,359.18448,55.154236,262.05386,121.284904,106.9807,13.789063,79.84676
-Lsulqs6JeWOd9vlQVWT.-Lsum-cJ04yTXC8kchkQ.-LvFUJ6WXxB9e-QcU4OY,-0.7558872,2.2804785,-6.4160233,5.438029,11.854052,-0.017196932807564735,0.1223619,0.13617939,2478.6876566041205,-3826.53076171875,1978.8925,1611.4043,3958.5051,2876.1238,2870.9607,2536.806,2409.7017,1879.1526,2225.633,995.4916
-LzGeVBicAVu8Hjn042x.-LzGf5q8YQwBhpDUtWBs.-LzGff0kFjgCEzh8xd1x,3.5441625,4.193102,-7.3253055,11.473673,18.798979,-0.1111098900437355,-0.47339606,0.18662134,1551.5850876546235,11534.081952095032,2796.8108,1548.718,6237.291,2654.1438,4880.3105,2132.9785,1372.846,971.3207,1674.2699,681.27344
-Ll6cs_2_PISse2tMbIY.-Ll6d2JxKsxCBH7cEtzy.-Mpk1IQnuPHhhpFA67CT,1.0929202,1.2623385,-1.4849396,3.8679323,5.352872,0.44497743248939514,-0.5397315,0.26250124,473.76435762530855,913.7186889648438,458.0656,312.93268,351.483,104.670364,192.96062,116.92277,164.72292,107.40491,114.82677,57.660103
-Leujocx_cjh-Ci6MrBu.-MHVHmFIrmK1XR8TJab3.-NVcPWkF10MNPdljZg0g,-0.11204229,1.3260431,-2.692141,3.765313,6.4574537,0.3066255748271942,-0.5954249,0.3310035,-663.695078283274,-193.56882344186306,446.12326,545.37994,495.02448,285.81226,1126.6749,417.7858,183.92987,241.95992,205.13048,228.46863
-LhZ7r-p4msytop_Vgt9.-LhZ8BI0riAuNBl6dbPn.-LyDVnNU1u9jIVcvSGJU,-0.7356921,4.586165,-10.2802,7.4418654,17.722065,-0.46732068061828613,-0.72285295,0.07731092,3329.439025335236,-3017.8232421875,4255.2114,5555.507,9251.169,6038.1846,1549.2655,485.04718,379.7399,687.6979,377.0322,1072.9277
-M35d0uzr43_bDVtxzZM.-M35g79baxFHVw023Hxq.-M3p1lyUJlHMfR8bNax5,1.8445388,2.1181362,-3.2857802,5.6054087,8.891189,-0.11789397150278091,-0.49637604,0.106554896,1102.1682156952234,4285.9921875,1445.8763,409.42773,1263.0968,2145.2524,1196.8556,1001.612,227.53943,92.51066,729.4479,289.24756
-MkaDKCGqKAhkmIoZH_j.-MkaDOunK9vZ84OQV0r1.-MkaDTBNCz6iqwIrD1Fm,0.26087946,2.7742128,-9.380081,4.468393,13.8484745,-1.3751945495605469,2.4929476,0.16653085,1907.5824246249897,408.94830322265625,1184.0537,738.06494,1515.67,1110.6422,1436.7837,843.24005,799.1313,547.275,113.94417,232.66061
-N8cFuoM67232siscrpl.-N8cFyvj2YZKYTXI6RZM.-N8cG1Fc9099IPuCaUbQ,1.5431982,0.7807193,0.47990915,3.4522445,2.9723353,0.765206515789032,-0.35088515,0.06724453,314.77432496491537,901.6611328125,262.63208,101.37549,119.17454,86.34009,38.10001,28.554018,18.84457,17.534086,12.720451,2.7056093
-Lt47WbLeFz0Frdnf7qM.-MA5tBz4DD0gOIWZ2qMc.-MDxPVs3z-hu3VDQ4wLi,1.0377393,3.4870443,-7.4310026,8.46756,15.898562,-0.19104406237602234,-0.3932414,0.3431703,771.7820883554712,2066.2248106996217,1925.3083,2627.5735,1387.1122,2617.7693,1661.8513,797.2228,284.3697,299.86377,872.50244,227.7118
-LnvJOiOC0hyFobuXd5Z.-LnvJXkkLJXEjgCjvJG8.-LsuuN-YzXQrvCuLMrIZ,-0.75587064,2.9191103,-7.3490868,5.4605293,12.809616,-0.5619654655456543,-0.009025335,0.23303658,550.4551201493312,-955.0683298210303,992.31604,1735.9148,1290.2059,582.0859,535.17523,220.81888,479.21436,228.06425,223.87427,144.10393
-MzEYtphoUYp-LuuHABh.-MzEYx9M4dZdnaQx5MWR.-MzEZ2eZ0uZCjda-prEP,1.0566541,0.6158222,-0.534721,2.0263064,2.5610275,-0.6859570145606995,0.059851885,0.07263899,363.48001677908337,737.0673828125,135.90901,60.77297,180.91434,123.08683,101.87772,75.06669,66.37448,25.707829,17.560774,9.77634
-Lhe7Rr0kRFC2_3jT8E0.-Lhe7ZLURi3KBGWKzagL.-Lot6hJZRWkUAaaHX8sb,-0.077638045,3.7539456,-9.172131,8.654861,17.826992,-0.24617363512516022,0.3218758,0.13314223,-13670.007549747921,-201.41180595755577,4640.9106,982.27844,2944.9844,2293.4768,2583.3772,947.9619,1220.0774,807.19354,440.38968,367.3425
-My6Kgg-RQTqS9QxmxCk.-My6KkmNUo31t9ZKnUG6.-My6KtFsckDHvOIuhCAL,-1.5950738,1.7700477,-5.655576,1.3022228,6.957799,-0.388154536485672,-0.53285027,0.060162306,732.9033976453281,-2956.76171875,1587.3903,222.2188,1393.9619,400.8058,673.9701,423.9619,147.9963,181.76796,68.950264,64.84075
-Lc_LcWJJ5DBcDLcU7YX.-Lc_LriMGdP1Yf177EPE.-Lc_M2tf1lYV0lb4EKXS,0.83424956,1.2388688,-2.0654786,2.939712,5.005191,-0.4781912565231323,-0.6038215,0.08358039,288.5424082959749,897.7743550638357,559.14355,380.06787,512.9921,184.20096,330.23053,100.96659,25.265741,34.771282,40.626007,30.329918
-NinOmjS6WA4qkH_8S8O.-NinP9nFZEmXOwjhuHOW.-NinUkLFHlcDQNfU8La2,3.0000541,1.0783026,0.99098337,5.732494,4.7415104,0.22153998911380768,-0.86167526,0.18758142,557.2148507837987,3299.134765625,530.3407,323.7832,124.52676,143.9302,299.96054,294.6148,141.58464,177.78056,52.952377,109.09794
-LcfARU6yMZ2m2s6CoLf.-Ll0dm6vHd8wHmKW2duW.-LnWag5EntQNnfGClukI,-0.20536985,1.549643,-4.137535,4.080726,8.218262,0.23785673081874847,0.4373715,0.14063613,1097.5287297283267,-668.068359375,1012.4958,1365.8811,1130.7634,2505.7676,489.33627,589.18207,454.14954,570.6312,225.7034,419.08688
-LcfARU6yMZ2m2s6CoLf.-LhiLyo332AVoAFcUndg.-Ll0dHePtDv_g8auLodb,4.250316,3.6110134,-2.4506662,11.76051,14.211177,0.25923192501068115,-0.59966564,0.14212489,590.6029985956152,5761.034611145656,2483.4277,1855.3049,1124.265,525.26263,648.8728,300.73193,405.6385,137.1666,124.41793,165.6692
-NEFcK1eOZxEueauYWOP.-NEFcUU5oyHjqVWhiW0v.-NStcKbdH__l5X7TvtvH,-1.5838689,2.2508743,-6.7968044,3.3062403,10.1030445,-0.10561638325452805,0.26188684,0.26708674,501.04305357032365,-1374.6551513671875,477.7648,1039.8939,702.16815,151.94968,175.96964,107.5036,100.47715,54.347893,87.441284,91.75256
-LrrJODQkYUsA2_E3nXS.-LrrNpTJyrlMkX2XWakX.-McIeGwvKX6TNUwlropN,3.925091,3.1633284,-1.1337271,9.399766,10.533493,-0.06950686872005463,-1.272825,0.1053195,630.2485542864849,4934.927734375,2394.169,629.30963,1213.2275,81.94397,403.35214,110.38344,184.74292,189.48933,167.49196,60.76593
-LhihT6RCxXyHmPaEikQ.-LhihaFkXvqnBJyHYBKh.-LhiiCZghVHj6wX-zJ_7,-1.5006694,14.360721,-28.487467,17.397568,45.885033,-0.22951871156692505,-1.5819764,1.608973,-1089.6684229191671,-3422.737060546875,5929.3423,5409.769,1013.60706,16030.878,9487.359,8228.699,1776.3074,3599.4893,1112.6997,3267.7812
-MedmeV_zcoehIZbTGFP.-MedmqLOEbHuYK_dsgQS.-MedoO2LIHIqorWwvkCy,3.8696218,8.19892,-6.608635,38.892746,45.50138,1.8637107610702515,3.6661396,1.3464773,392.5112338966327,7449.235572894414,6166.011,5300.062,4497.2954,2681.1782,1515.276,2679.3135,2396.4763,1971.8014,1602.1602,1193.2257
-NJ9mY9JFaJWch6YjTlf.-NJ9mzf9DqDHNbCr0YXX.-NYb4UKnkU5w-A1ujRXu,0.45606428,2.7303102,-5.7399416,6.3998885,12.13983,-0.3019721508026123,-0.09429312,0.37839448,-57.549647706379545,208.58648681640625,311.92914,631.0712,396.51852,340.40283,25.374758,128.25525,111.06406,80.063065,109.06641,60.202827
-NW78PWy6TSgtImlF19K.-NW78V76ftDp3uzB-n4_.-NZV1GcV5qPAxBIUXwFY,0.7055637,1.0085317,-1.525822,2.5987287,4.124551,-0.10166139900684357,-0.7200799,0.06987783,394.013143791165,582.3720703125,278.32742,165.92604,431.98416,162.23242,130.8764,75.04012,48.181717,57.630936,18.683777,10.30921
-LhdopYWKpTuugtVldDl.-LhdpTOZKIN0FHOQEbM_.-LoPR-eDXyPlJBrA7rd-,0.19069141,3.1333249,-7.419304,6.729789,14.149093,-0.7688127756118774,-0.1491046,1.424224,853.7359245432447,211.01876831054688,1879.2292,354.41684,40.71006,128.08195,609.7026,703.0495,252.19643,354.4332,569.28656,332.61514
-LeGaSjy77PPaRP_E_OB.-LeGaei5XBlsLL7_p69Z.-LyYC5CAMY1wmDjJxKPc,-2.2069173,2.1589663,-6.4232607,2.0183473,8.441608,-0.02823612093925476,-0.8425858,0.13975215,608.9361676583309,-2612.237060546875,495.66403,1101.9652,894.9628,733.8479,637.36194,117.27228,105.941185,105.7958,13.203675,25.988401
-Lt47WbLeFz0Frdnf7qM.-MA5tBz4DD0gOIWZ2qMc.-MF-x6gzWgCSGynj24xz,2.2814062,5.667967,-3.956636,17.419249,21.375885,1.175301432609558,0.42785025,0.3832922,1959.160082302717,5791.679017225902,5137.6777,5076.2114,5862.944,2515.1548,1522.6266,1510.5377,868.4372,753.0718,1671.8293,963.51776
-MlnIP2MnRnwcDcF4aK1.-MlnIWs5WnvJ7-xZxHDk.-MlnJ1MDJ6W8SZZ_lokP,-1.9320145,0.76209545,-3.1117346,0.1885742,3.3003087,0.8630057573318481,0.3802111,0.08310476,289.8836568098955,-1336.855224609375,264.27988,100.52564,167.99922,91.43221,112.67622,78.60176,40.72992,7.7271934,13.182324,23.095192
-LuCWu9YSxg0-sGe90xx.-LuCWyZbvo--9NrI7Tid.-LuCX558Dt3bmgLquENk,-1.9933984,0.6975299,-3.535739,-1.0983984,2.4373405,-0.5734051465988159,-0.7436087,0.061181128,422.12689690371224,-1597.6357421875,107.15732,21.192736,329.8399,152.60976,37.932568,82.51961,55.32531,16.828428,9.09531,2.8147748
-Lj_M3HTF61jKiWsSATd.-Lj_MEkCcndnywW-QHbY.-M8AVD8-jpPkToAD1sE9,-5.4383626,4.3613563,-13.932648,4.310945,18.243593,0.21971358358860016,-0.51174664,0.2480793,1360.3055417352664,-16659.830078125,4156.4756,5847.501,2547.882,1745.5295,3586.583,2491.414,1008.37494,1407.8887,1021.959,1674.8467
-LhdSrNNGWGr61RbKL6A.-LhdT61dSWsBktt6AA0d.-LhdTMZYGBa64sGB0wfH,2.830463,6.6856704,-2.969164,23.152395,26.12156,1.7754958868026733,1.8642321,0.37688637,1709.3200366651472,7234.375985622406,8687.632,5020.709,4732.099,3730.5977,2277.0134,616.8545,536.4987,1150.1892,1303.6715,785.4074
-LhZf4YuyVvy4G9yRyQ2.-LhZgA-gZ9Cmg5mix9f1.-MGNZJmUPlKvjuRmQnXW,2.6609468,4.760262,-1.206023,14.645261,15.851284,1.395323634147644,0.5473881,3.0570464,17.59541878101574,96.54209090769291,98.751564,59.556816,32.06937,17.687187,5.8288407,2.4625134,0.6547993,0.7539008,0.64455205,0.5766462
-MmMQ5j2GE9MAHRXJeCo.-MmMQDqF-bIgPJJmtSGt.-MrReQ5-BmsQ2wK-QUrr,0.5009705,1.4338671,-1.9484541,4.6135073,6.561961,0.7460265159606934,0.38404632,0.11473632,542.7892353683771,1117.7835693359375,1203.4906,685.4675,887.19415,862.5659,390.26007,617.2243,849.0198,299.02322,41.559883,375.0929
-LlBEMo2wsK41U_i4Ff-.-LlBEbuAIaFAvd6Tsudd.-LpgkxWyIbbX6VUo_5Iq,2.4918244,6.4926972,-11.939711,19.468786,31.408497,0.0867181047797203,0.0019721985,0.47430062,1761.9528914042364,7959.8681640625,3258.5674,6361.976,9729.765,6507.526,2279.8108,1457.4838,2119.4062,1919.9261,1049.7743,1362.0538
-NPaxlJRSCtemhF3ouVD.-NPaxpUSZ_W1dJZQlsMI.-NTIhOqSMqtkZmdwc8AY,-1.2742286,2.7598698,-7.3576994,5.1115546,12.469254,0.19667750597000122,-0.54236627,1.054621,173.62476325920184,-1212.4043561816216,1173.4069,835.9455,641.21423,542.1887,93.62798,264.0066,302.31055,388.06424,298.10162,177.67981
-MrWMcBqkBqlw5NMQFkQ.-MrWMzdYx8o6uIfb6ulV.-MxJ0VTeYAjH8U-lFqq5,-0.022366442,3.892678,-6.255391,11.265197,17.520588,0.9529296159744263,0.932158,0.37660635,-6096.8544021526695,-42.06095504760742,1885.5111,1097.479,1149.7343,3952.9756,1531.4788,1224.8534,88.82739,484.93198,342.7986,82.08945
-NJErXKLwkd1nbg1WAvd.-NJErcSu-bZzgcub_6av.-NfPYUtseWNmz84XC4-O,1.1637672,2.8513253,-2.9899774,11.310909,14.300886,0.679638147354126,0.2242074,0.6126478,1106.697857010182,1829.16015625,1568.6346,890.8998,403.04297,1631.3444,1253.3312,698.5836,1108.8788,269.43295,289.4769,337.47858
-MIOBNUgcr0MTphTegMf.-MIOBUH4T6I0shR6OuD-.-N3J0WIx28t1DVwB5ZQc,-0.34338894,1.7581372,-3.283909,3.470697,6.7546062,0.30373451113700867,-0.7930708,0.19403747,947.2336679671486,-513.6661075552305,663.2875,495.47546,539.8731,204.28233,1032.2019,931.2464,628.47327,173.15703,100.02682,170.88588
-NHTSIH6WGEuYYUbVYA2.-NHTSNphytM8wq_yQ1lp.-NLPm_dSQlG7olyLvIZR,-2.733197,2.6822162,-8.662687,1.7742676,10.4369545,-0.10950429737567902,-0.9164319,0.17478234,1073.466758299934,-5692.609375,1241.9849,893.9766,2018.3508,833.597,2079.0923,855.12225,947.0587,1027.4612,765.75574,520.3618
-LjFjYM0cNHLWyTLdPiL.-LjFk5YStuJwLI4Bz11C.-Lrs5BFBV8N-3pfA5H95,0.23705645,1.0715121,-1.8571641,2.4861577,4.343322,-0.010550564154982567,-0.88387704,0.051474273,-538.9602221794521,336.07537841796875,812.4157,395.2318,331.26785,278.6145,292.34653,96.34059,131.3097,110.16761,103.350555,87.297424
-LilnSmSyM-6usWD64ZZ.-LilnfIIotZ2luAuWpsh.-NbY_pJ98-2kHj6rvDpd,0.8803558,2.5090945,-4.10547,5.39093,9.496401,-0.1875389665365219,-1.1235586,0.12300327,1172.149140189277,1803.8223963975906,609.90173,1008.57764,3151.576,773.1881,480.79898,793.3546,22.24086,312.30362,298.42368,225.30754
-LimCEPj4cm8u6UaR3tY.-LimCJq_owsUDVdRu8Y8.-NI6ionhBsEMii7_5NIk,0.7217883,1.8796343,-2.200056,4.9644995,7.1645555,0.262172669172287,-1.0104148,0.08197999,305.4672293475661,902.5880831281344,1169.0386,253.66745,1037.2134,235.99573,239.6407,232.97705,173.5816,130.47972,105.77007,81.43122
-LeGC3EwPfb82NnUGMCl.-M9N9tvEz5XJvKf9pBur.-MW3thyye7PX-J_ioAXt,1.4483597,4.887377,-8.767165,7.957755,16.72492,-0.6260578632354736,-0.9063294,0.17906487,1548.4669575894197,2582.827880859375,3601.7437,2183.4822,4064.4785,1696.1123,253.47667,343.33972,105.25185,491.30197,268.0841,56.883263
-MR-Ij4h6vJLLeLlTJMD.-MR-Iq9opPhL71yTwE7I.-M_KWnR_a1bAqhzD5Sof,-0.98847467,1.096456,-3.1212187,0.93973255,4.060951,-0.16194671392440796,-0.83217573,0.071306884,526.5527976025703,-1064.8005573799212,141.35365,83.65225,560.8785,572.9178,117.54116,36.036125,44.239124,52.564163,40.000927,17.564157
-Lx_WYtU8xSK1GPNqPU2.-Lx_Wr9XNHGK8Zxjl6lG.-Lx_WyxlwUG0aGgGJbNx,-0.34516758,0.6418138,-2.1335921,0.5282444,2.6618366,-0.8097650408744812,0.025416851,0.052900255,412.5499157075535,-362.84613037109375,114.04564,223.16455,366.81848,31.567806,111.45983,46.87479,95.479836,37.98533,47.344585,10.763259
-Lht2eTXnmfpJmP58xnY.-Lht5kX1F8HLIO_XlCaJ.-LoUdLQn0NCO790thWst,-0.41084287,1.1291106,-2.7748876,2.1008785,4.875766,0.08346110582351685,-0.32766223,0.036687434,844.2579852886457,-637.8912353515625,761.7648,92.05519,888.4997,327.23288,173.21353,95.656715,96.16555,51.639816,52.2293,53.869705
-MYEQzR3ToSh4GRLSIMW.-MYER3l2D2gbCmUtaz6K.-MqxNhKYwSBIfzKAs_nq,-1.3189203,1.1200272,-4.1530094,0.09283219,4.2458415,-1.155781626701355,0.5716779,0.09129727,550.5687141943739,-1257.4347383230925,316.68805,244.94377,576.9466,104.56708,203.19029,118.93616,18.203733,46.565968,41.145435,54.976772
-NOJLSbEUK8-kwpgRLMv.-NOJL_OgEmxUqIM6d_Ow.-NQZZhynddL-jGPhWYFp,2.7440977,1.9595082,-1.4922663,5.605053,7.097319,-0.3905302882194519,-0.9446516,0.140661,505.3868009546084,2427.8530037999153,461.8383,397.48105,879.132,537.62286,182.61032,134.01059,72.97159,44.53674,71.968315,44.54675
-MIwlrO2-BhSr0Y8Q6OT.-MIwm0nfiMmo8ZcZp3VZ.-MXBGJS0Szg6K0Doexfs,0.417839,1.1590283,-1.4370428,3.943003,5.380046,1.1468926668167114,1.5215483,0.05825609,964.6514969224402,668.6310424804688,769.94403,427.0034,699.75494,317.4286,465.949,214.00824,206.81741,114.800865,57.20443,40.419975
-NYXEzMTKV1Hr1_Qzqsl.-NYXF3FbFhsom6OtP-y8.-NZ4yO3dfvjD60Kl5KnT,0.3716772,1.759721,-3.309784,3.54457,6.854354,-0.21646805107593536,-0.78688526,0.24066526,46.51726445930408,245.10601806640625,234.18655,597.56287,415.92523,151.55956,212.82944,54.79025,103.9163,64.73531,47.40968,36.525196
-MTZYtW9q99SMLQZWOM9.-MTZYz7EuYV01N5rW3wF.-MWONN8gSuNXE5ootrzO,-0.051802814,1.7014915,-3.0973556,2.983424,6.0807796,0.1867586374282837,-1.1606525,0.0770997,-2743.3563473054874,-61.860631108284,281.37735,291.3468,1230.9991,60.272247,355.01205,200.79898,25.531267,118.77579,48.13128,91.891
-Lj_M3HTF61jKiWsSATd.-LrDDIqn_SvKUqnELg1z.-M56dsPKXbvXldghLLPf,0.3797533,2.0835128,-3.100776,6.4841275,9.584904,0.5756257176399231,0.24431825,0.11600125,581.4898359911045,558.7157049874464,825.99304,601.78955,1379.2102,571.15515,846.9358,650.33997,63.706696,403.80576,260.19724,135.82872
-Leq0zHOUEtY-qkOfAtA.-Leq1Pc73TintPkYEuBb.-M7lXNq3PTsgcUHepwiT,-0.404174,7.1519628,-24.616953,20.637903,45.254856,-0.8830000162124634,2.2480512,2.3287606,-1099.5449028425603,-608.9758941332499,4108.522,1302.2543,4858.1597,531.64044,1989.4703,1759.3053,2404.4482,1060.8624,1128.1454,782.51135
-MPs4GrvJlieFAXqIryf.-MXeykZS_00bcgFbpsqY.-MXezE9aM8omIEkjGCyf,1.184025,2.6055307,-5.8087554,7.7051272,13.513883,-0.3095037341117859,0.70614266,0.17349708,915.8866318450081,2093.1247825225196,638.02466,201.74881,1862.733,1766.4088,1314.2585,1202.1764,472.15002,265.8802,218.64828,99.113365
-Lsulqs6JeWOd9vlQVWT.-LsumZIoNLI3HOq_QhI2.-LsutL9nfjpDM7Pbo9qf,-0.27261332,1.2772976,-2.9825213,2.9722147,5.9547358,0.4607439935207367,-0.0841825,0.06920397,616.8274410260316,-598.781494140625,907.42737,446.20462,1200.8641,949.53986,292.08606,167.59628,532.798,222.99466,159.23085,100.72508
-LnHernN_fpHMmekEDg6.-LnHf-cbftVM4CTskSYH.-LnHf8gFCOf4eE4Jl4XS,-2.1354747,2.0579913,-6.64959,2.3750603,9.024651,-0.2018183022737503,-0.80770564,0.24538743,2079.4013350882065,-9045.689657886824,2198.3787,3494.7427,397.96985,2057.9922,2295.4478,1517.5361,1841.8607,510.20395,1334.4325,612.4716
-LwSaKiRXGNE0juYrEaZ.-LwSaOTcPg-f16rPYz3D.-LwSaSzMtZTIo7NEgv2y,-0.0682482,1.1483489,-2.9857016,2.392458,5.3781595,-0.249960258603096,0.086076975,0.05791408,1734.0727939134679,-83.19981384277344,230.44524,550.09424,669.4237,215.91539,254.01167,134.59338,146.87816,111.86249,25.078812,59.054615
-MsEbiGjx7SGAQ4x_uhj.-MsEbuovMjA99Z_1HoRL.-N2LbOPQp8YOct3_roe5,-0.34532824,2.5968997,-9.537873,11.388743,20.926617,-0.5249313116073608,3.0859451,1.965494,1361.7473026946664,-645.1456909179688,618.13696,1947.0837,642.3818,165.80673,1739.9658,318.4491,490.02017,369.9149,560.9492,423.8804
-LeLiaV_6NrLdFlMbLi_.-LeLiiv6COUB6rvloOYx.-M-8yD6gchDSfP21hSBo,0.8499733,1.6454664,-1.600761,4.9478626,6.5486236,0.9971896409988403,0.13455749,0.16941094,78.09448852764245,355.6857604980469,163.95848,373.1165,222.10515,136.09415,21.089338,18.333675,12.006437,29.929855,29.501177,15.522589
-LoTxlrxq8-eTqYk2dMN.-LoTyBmhWGibWHfUaf6I.-M1e8NhRYmEkfw-Aym7Q,-0.61094457,1.7418503,-3.7868898,3.2367134,7.0236034,0.3926476240158081,-0.51366186,0.14445531,332.16411493384396,-369.33689125378925,518.68304,464.62424,206.1286,122.11428,51.643223,88.79389,65.644196,27.97479,27.68281,27.870214
-LpbOamzRD1fsi-6au3R.-Mqmwm14EIfQ5cA19SXG.-NQ-r6WZO2ZtKBGoofBZ,-0.45064518,1.2383314,-2.733497,2.6045983,5.338095,0.4890895485877991,0.2969663,0.12691295,371.6678936802188,-268.44384765625,327.87677,81.695496,341.06345,157.97119,89.11847,23.74569,39.840046,12.811037,6.0478296,14.412801
-N12ztQ1CjdoxS8yF7au.-N1IiknvHn91byFbDwyO.-N82dkDYr6BYdTaTgHmf,1.4634016,2.973763,-6.833455,7.106735,13.94019,-0.6202935576438904,0.59264207,0.1547522,942.0811059895855,2700.6202803949514,1987.6958,1660.132,1884.3754,567.7897,1748.9556,969.29205,431.3524,340.09735,348.98618,80.89935
-MKKKgPaf2GjPHRqFMcV.-MKKM1QDVvBvEXa23_6p.-MKKMEhmheaK2uAAwGKq,-0.004686781,0.69001967,-1.3163146,1.5450932,2.8614078,0.2949155271053314,-0.6230905,0.07659419,-11025.434325756103,-4.820953369140625,72.19455,90.83647,275.12024,198.40207,133.93063,40.924366,81.77434,13.326903,25.162918,10.925808
-LceKoJLHb8IoImrI10u.-Lq_T4LSBS-6gUdajamQ.-LuWnoM4pR_FNZ9qLVaH,0.7562952,0.63449967,-0.4359029,1.7386403,2.1745431,-0.49782004952430725,-1.0163555,0.044577464,185.54411708351503,395.8233337402344,160.05185,132.86205,77.493576,68.6134,14.205434,24.511196,16.934855,10.789753,9.759671,3.5795367
-LeGC3EwPfb82NnUGMCl.-MW3t94S9XWaxHdJ6TRc.-MY9DlSJf_mXjinFF2IY,-0.642383,1.9467942,-4.6620016,3.137767,7.7997684,-0.1839747279882431,-0.67974854,0.079966135,493.3335779747945,-1242.97802734375,1140.0726,943.1266,554.52386,1806.6025,531.43054,829.20294,414.08478,180.99345,205.16704,179.55673
-Liq_w4K5UDKsni46WKd.-MRYrr4EA45jhnaojkaT.-MRYs62AbQepl9gMdVNX,-0.48422936,3.0092523,-5.7992907,6.5731134,12.372404,0.7772395014762878,-0.12861657,0.1453526,520.3679079319313,-523.4849853515625,1882.0958,937.667,757.2457,192.03668,536.372,87.02079,211.09511,32.292965,57.500446,87.99402
-NWH8w0NaqAlCPus2aCU.-NWH8zjlNHuFFJPCyr4d.-NWH93xJeHxZs23xgMBW,-1.4344409,0.9314108,-2.954788,0.55508995,3.509878,0.5399674773216248,-0.46559238,0.07794173,326.42392213258955,-958.31396484375,217.27592,227.67482,219.11168,196.95927,65.5989,30.846075,22.591393,6.347638,11.948964,38.289074
-LrIRVq3IK3HG10yEBuK.-LrISdQltvo9B1C3m_ci.-Mwzx0oKGvHkHqcmwuSf,-1.9336486,1.7416711,-5.20205,1.6687591,6.8708096,0.034682199358940125,-0.9246104,0.12009764,559.795087911372,-1908.2768635749817,648.14923,187.56796,721.8011,590.28107,294.68008,183.01393,138.67792,45.77725,68.12345,39.453705
-LilnSmSyM-6usWD64ZZ.-LilnfIIotZ2luAuWpsh.-MsEgK-T-QyfVJizMapt,-1.1027671,1.92504,-5.673578,2.6001394,8.273717,-0.08709189295768738,-0.33350563,0.4636312,1573.9448876336226,-3363.28369140625,1342.5217,1675.7518,1741.295,815.81323,2465.5176,729.70764,1091.6841,583.2636,471.9912,277.6124
-MLCPaVHke5WF47cCC4x.-MLCPgQ3s22FJfFDZztz.-MtMyx6x3-fxm1xO6yYd,0.20115209,2.250041,-3.5073915,6.026447,9.533838,0.5808042287826538,-0.31133723,0.19476128,791.3030758692128,387.4467468261719,1205.3042,1120.037,2270.301,138.70905,758.5234,273.9067,554.997,525.8779,82.033,130.6002
-Lh9OJHKGFwJ6VBnGx4f.-Lh9OE6GEUzGjGDysjDw.-LnvqwzGalRKj5Hkz3Je,-1.9872078,1.2404139,-4.8460064,-0.19504055,4.6509657,-0.7869546413421631,-0.043929815,0.10924983,288.1149696448895,-1300.111083984375,350.29718,332.72055,140.64775,239.11058,52.86929,96.92979,38.05235,41.032772,36.968494,14.88867
-Mkkq-BYie-_L1cjH_kn.-NPGxTc_qF8H6-ttPxFt.-NPGxZo8PIsRJbG-qiy1,-0.74254465,1.6667298,-4.208707,1.5689161,5.777623,-0.9968183040618896,-0.33949137,0.20162475,184.04487302907935,-217.35659790039062,251.8564,218.51286,67.52698,32.675198,28.098179,28.825642,8.854039,11.66649,14.672673,9.717543
-MYcxMB6ca1sHkZqT4kc.-MYcy1GzA6D13QDSmcBc.-MbpQECXbkpu0Fyj5zql,0.26366445,1.1162463,-3.1973934,2.732598,5.9299917,-0.008614551275968552,-0.15379333,0.47631353,591.0210379572899,550.8134307612976,316.32285,1254.5895,240.67825,149.32259,401.79135,224.91196,359.40878,594.43884,53.72213,259.01276
-MVQXCBj_iIZqx9OEnWa.-MVQVAL1hY388kxns4lT.-MW46BcD01m9R_UbtKjZ,1.4508075,1.6573831,-1.4069945,4.8926973,6.2996917,0.2407316416501999,-1.0294765,0.12020481,532.4329370536753,1680.845947265625,198.06627,983.87537,841.77246,44.845512,108.61058,156.7232,211.45949,166.57732,50.131912,62.977856
-LwNFu1ENiLuw0bE3Z-m.-LwNF7qD8sfBG7vS9522.-LwNFbgjbhqr7hbcOq2n,0.80672675,1.387288,-1.9600002,4.2730803,6.2330804,0.3299799859523773,-0.1372621,0.09274507,932.1872474678646,1082.089599609375,421.59714,152.10724,750.21045,836.63275,433.81097,169.5165,107.81013,191.72212,60.09883,37.77368
-LeGHgjpZ_PHBerCO0qQ.-LeGHr_FnC7X-PeYv4MF.-LnlDDuVk2FupvY8ox-A,-0.8925692,3.1682103,-9.756489,3.6422772,13.398766,-0.7505692839622498,0.13782954,0.17069185,1093.7091955173016,-1164.1624755859375,2385.7979,596.71967,1174.9503,492.87073,341.78464,555.96844,496.1709,409.2022,223.27979,212.64963
-Ll0PgwJ482RpHKPZiP3.-MUrcCjUEtwQ-lVQPcJs.-N2Ks7UIFuRXgG1Ib2GP,-1.9347345,3.2336175,-9.430179,5.090558,14.520737,0.30107584595680237,-0.040453672,0.17667961,1399.694359241554,-4891.22900390625,899.6841,1467.2238,3470.885,3754.367,980.5002,808.7234,381.67014,759.0669,1039.0166,637.6917
-NGLVOuajDGuxg1IZXVL.-NGLVnbG6U15KikwpZ-r.-Nh0pF16Tg65Rrsl0RCL,-0.4654208,2.1691396,-4.2857795,4.318183,8.603962,0.3711875081062317,-0.5603237,0.17374682,507.464603016266,-383.18421020110446,160.7288,737.64374,338.54993,911.4734,237.85863,102.14947,73.19099,28.915184,108.88466,31.169163
-Li78_-q6o1fQuak5tjs.-Li792Lr928udbQJoVff.-LkblrC0Hjw1V63_Gw5y,0.52611285,2.3387322,-5.356303,6.331444,11.687747,-0.21902987360954285,0.33568788,0.21828315,3023.722464066855,1876.27099609375,2382.5085,907.72345,3735.7185,222.89272,1240.4713,1143.0316,910.97644,530.4949,687.0484,1298.2366
-N1bxw0ga-84Cy1gXwBs.-N1by8Vw-hHCXM2Obfak.-N3OQRW7_6bu-mrcvL1I,0.68980867,1.7215074,-1.8615797,4.679627,6.5412064,1.002589225769043,0.28907704,0.14681923,721.3403920677814,686.1986083984375,420.39536,836.99835,623.27673,307.08618,243.91676,77.48408,47.64146,188.47049,40.847034,58.55831
-LlBRVz1-5Dt64hgKO-a.-LlBRbU8aU5wql2rEKoU.-LlBRuaoHsLCkLY5rWGG,-0.7877464,1.0786195,-2.7977538,1.3033236,4.1010776,-0.19791920483112335,-0.74956775,0.05942118,895.8701304876014,-1370.951904296875,701.2357,684.2481,460.55286,261.6344,463.04257,15.311017,386.62982,43.94796,229.52658,188.88167
-N1HyPmDE0QTEp92yfCF.-N1Hy_lxGTSOVSsrMUdr.-N6HCjPLaIyfAYhPzTC6,1.2396728,1.5080495,-2.7529578,3.8436959,6.596654,-0.47251370549201965,0.06776905,0.1481098,440.5140758008941,1059.8352647324402,107.93442,71.20664,615.76575,498.3242,356.15115,205.59349,12.118432,67.37989,69.171455,32.088562
-Lhi_hQB4d9hP668bC18.-NJnbybnfglLVaLUOmiV.-NegJhy5bS3CKjNyPQMA,4.7636933,3.6063952,-2.4215698,13.324293,15.745863,0.4822152256965637,-0.4129572,0.2738366,897.4181014338743,7798.886383712292,1731.06,1868.6332,2961.9004,943.6339,345.73703,555.96454,770.2061,271.03378,27.696653,43.198547
-Mk148F9NqQ5AYY6iB7u.-Mk14XHjPSumrhEa9FAc.-Mk14nc5kmA_WAjVlVG_,1.1570538,2.475006,-4.908632,7.9953327,12.903965,-0.37491410970687866,0.9239018,0.25385857,250.12331668044345,1079.5500332415104,701.21216,1221.856,544.3175,406.19214,196.22751,348.31232,72.34365,136.71303,40.617977,65.86123
-M2bvo-7AnonkE8qaqvj.-M2bz8ZiOLFfos1iTm0D.-M2r1Zb3l5Yacyr5-139,-0.28442812,0.5660358,-1.5689918,0.7034142,2.272406,-0.3745362460613251,-0.6739173,0.040763915,621.9940168025591,-344.65545654296875,34.329643,360.25296,213.27435,140.37778,65.79218,112.41554,49.176968,86.22665,88.49007,42.708416
-LjVQIQ4lpIhToGNnTrj.-LjVQWGwpxyLJtqFzyRu.-LjVQpPKsDnQinE2BUcQ,-0.076435424,1.5394878,-3.0077457,2.5908623,5.598608,-0.04252815991640091,-0.81676054,0.07842344,2470.7524369131556,-87.1704330444336,824.84705,372.42557,166.29138,764.8865,179.64607,204.89948,30.711771,63.7691,40.009144,8.555779
-LiRv59cby4dDJ4r2Pt8.-M-hzccCF-S-YfW3Kznz.-M7facMfjB6FDoP32CuI,1.6068617,3.7525918,-6.6526833,7.3981566,14.05084,-0.43594756722450256,-1.0074133,0.11251185,1768.211990696744,3279.51171875,4114.3193,2672.4543,534.009,1422.8384,38.004158,1067.8866,754.4165,818.52454,491.9715,40.39927
-Lo-B0rLEo22F2DZZVSe.-Lo-BGwe6pUm_K76s8XQ.-Lo-BV35YVlaAUkfwnfe,-0.0833169,1.6059984,-3.350383,3.5947628,6.9451456,0.16043590009212494,-0.56153536,0.08734211,6014.911946177353,-200.15110883116722,672.6152,196.60823,1997.7263,1014.27356,812.2184,883.103,539.00806,275.80743,107.949745,57.97235
-LtYy4Zza7zo46cmS_Q0.-LtYy8eU4dAOsrKzb1IT.-LwNoq3PJQXgY4uDXOuP,-0.9855161,0.66075784,-2.145367,0.7232257,2.8685927,0.504507303237915,-0.38624263,0.06830722,521.637115344306,-1021.848856250445,29.366602,245.38771,120.949295,335.23227,24.792294,168.4193,92.5124,54.499146,59.69672,14.020095
-MyMF0blSHsq8t9oMKr-.-MyMF7foB8nTHnP226zG.-MyMFNYGQubRCcR5ogLt,3.9102626,1.0736207,2.3104906,6.211817,3.9013262,0.5264838933944702,-0.7774391,0.13110507,187.72048939296187,1547.7841796875,209.88525,87.43237,81.99073,121.087524,10.0757475,121.3569,11.550625,45.003075,6.6936073,13.841576
-LlBEMo2wsK41U_i4Ff-.-LlBEbuAIaFAvd6Tsudd.-MBhcI5QsCzhA3axsz3L,2.3517096,3.755394,-4.9166965,11.10563,16.022327,0.2453998327255249,-0.34499288,0.14972639,893.6170270000306,3996.2588169574738,464.3175,2416.408,2892.4492,2226.36,502.376,127.855095,535.34424,379.0751,278.51254,447.54523
-NJj4eDB8VNWex9Rvbz0.-NJj4k1eHyeycR3iiG5W.-NJj5DtKRYURgH7Ck7N9,0.30593735,1.1575236,-1.2371591,3.8432047,5.0803638,1.0129755735397339,0.7181258,0.090967655,806.2930699100503,309.8042297363281,669.77783,265.01266,176.68565,132.26714,150.11316,178.03595,160.67117,86.953094,89.07642,79.36383
-NPWUIACdTwIvrDgwDhk.-NPWUTvWfyoQtbaQftYL.-NV3bTeVHvLJ6MX5EFI8,-0.17361759,1.6603446,-3.061814,2.8635912,5.9254055,0.02086246758699417,-1.1749047,0.06349024,769.1067949808851,-339.60888671875,1682.8994,528.007,1266.4933,350.22443,447.7924,256.3987,181.86392,177.89896,303.35327,116.75395
-Lhi_hQB4d9hP668bC18.-Lhi_pFqfsm7Fzt3bPH5.-MCQUDqfWXkaYO9eR_GK,-2.7262406,5.706042,-15.04666,6.8749294,21.921589,-0.15717627108097076,-0.9137666,0.15663862,1138.9936120847226,-8091.27685546875,1054.1376,5908.214,8324.87,4047.9963,3356.3372,2446.112,988.5392,1055.1499,770.1896,533.30676
-NbYMicrypKtEoGHUiR3.-NbYMnlrYieuee2-gz05.-NcRL2hD8HI-MJfXTqGi,0.46623585,1.8207029,-2.237262,6.10725,8.344512,1.333228349685669,1.5097909,0.26552033,1623.0849727889415,723.68310546875,1348.475,794.8694,1030.1693,580.0629,129.79965,99.67428,189.85265,146.3481,89.37077,98.7503
-NE4zJoCyCYsdsLpWpJY.-NE4zPsSGKx-XUkKQBRg.-NEKi51bCORYLewM8t_d,2.650573,1.8142118,-0.48831853,6.8485866,7.336905,0.7614811062812805,-0.0001745224,0.1523161,544.1244842295845,2699.6804986198745,785.4616,644.45996,693.95514,172.08516,163.89105,314.00104,93.77576,73.503654,87.56781,38.518063
-N0Zi8FY955-rvKl7bfh.-N0Zj9KQxMIHevPxfr3F.-N0ZjF_uZCPTJnmw7OMB,2.5719357,2.13261,-0.7936387,6.362648,7.1562867,0.43643519282341003,-1.2606902,0.10906017,978.006967076675,4777.288827548425,2144.0623,688.8267,1032.5782,873.46515,96.35831,120.80312,745.9859,237.26347,290.5262,73.34025
-M-K1hvgMN0GCW7QwSyX.-M-K1uv4lxscwc9IJgy9.-M-K2KWFCRD25H0OYPmB,1.4283355,3.9441683,-4.982295,10.187388,15.169683,0.5120453834533691,-0.40200067,0.5556092,966.1483012598256,2774.923828125,1525.2559,3349.5005,2477.4512,2190.932,1463.3887,296.79385,243.79675,696.7484,1037.8408,427.6331
-LjL053LDwz53ECJceWS.-Lo-r9zciba06Hi4D04j.-N3Nz4jo7P9PDadTkOBc,-3.0797179,5.5625763,-21.17739,6.282909,27.460299,-0.9550074338912964,0.9680424,0.99050784,2079.258609460753,-10971.955908258757,1918.861,5916.644,6058.301,5981.423,5332.4404,1684.9287,1122.6377,4958.1597,1647.3995,2065.309
-Mxn0bJrVlvmgIvfLv1k.-NJsoWvsNHrJAsX_J_ZZ.-NTNWRxwJMeUPCsYoLrS,0.07561966,2.130752,-4.185738,5.1581817,9.34392,-0.08137936145067215,-0.9800179,0.57842255,1070.0337907050905,95.55171836415927,672.9222,962.5337,593.3467,249.74928,753.48315,619.874,278.5385,335.86258,384.42438,302.3053
-M-Ob5KRYQxMWnU8wvlJ.-M-ObGpG413SKganVap0.-MC5sCxqkl5vO1Gp5D8P,-1.3763119,2.1681235,-9.02952,3.2975216,12.327042,-0.840733528137207,1.7990761,0.19792938,784.6799745471656,-2073.661376953125,656.7926,472.50662,1259.9321,1240.7238,578.29486,241.02805,768.51984,515.97424,272.2757,164.3027
-LpbEwSGv0-3NvLvZYNG.-LpbFBnTf2RC65JpoeRo.-LvtOrv6OdvG1nLqFg1m,11.244277,11.280426,-5.3517027,40.741596,46.0933,0.609886884689331,-0.49610114,1.4205084,954.6835378667365,20713.63671875,8024.967,1099.2495,9311.763,2760.1492,4732.1646,2740.6914,3514.4785,2155.885,1729.4346,337.1799
-MqxMJ3lfkYcQvx3vuB6.-MqxMOtop_fRx4yVmH2N.-MuKYCFoS-zNySNEq3BO,-0.22262709,1.0558244,-2.3535016,2.1617072,4.5152087,-0.006037331186234951,-0.56378794,0.16771168,1023.0360147830006,-285.4715310533841,390.11014,365.37073,606.90936,156.53444,336.64273,142.06522,133.53389,127.24303,167.26164,66.927734
-MAZwkBlqAfwZSw-f8pt.-MAZwp1JsTM5b0WUZ4c1.-MAZx9AHxNhavcu7qpve,0.31950352,0.6816719,-0.9039483,1.3836418,2.28759,-0.14413514733314514,-1.3094771,0.04766286,359.90376332063073,261.4928392500927,342.49634,63.69927,129.58528,95.926445,48.995808,25.381033,43.379982,37.429016,24.705925,12.658467
-Lhi_hQB4d9hP668bC18.-Lhi_pFqfsm7Fzt3bPH5.-MOeV25MygxXKnGqT2_P,0.097956195,4.349071,-8.60341,9.850773,18.454182,0.2547779083251953,-0.5576472,0.11792374,9168.094618014173,240.87582397460938,2215.385,2071.5713,5543.0757,3154.4558,1624.0088,1369.094,681.5145,582.06024,356.3826,449.34448
-M-nSsF_i78yWKTU6Jpi.-M-nT7byCCsOazYBWWQx.-MYxZe6b47orrvJK8Xnx,1.8374422,2.4581108,-4.417768,5.7174735,10.1352415,-0.6940019130706787,-0.15938354,0.14442784,803.912385584868,2982.833740234375,748.51086,1443.4017,1757.1155,1019.5182,255.35641,607.2354,363.70087,517.9998,308.04263,259.01398
-MMz1AKw0f5ctqHvdOBX.-MMz1Etb5pQopv2nAPCl.-MUI6mtI6gzJ3GQz6bmY,-0.5083478,2.7544248,-7.301846,3.7983468,11.100193,-0.5208026170730591,-0.42372727,0.22682261,553.0890328239072,-567.1694744825363,939.9348,1696.9272,533.33954,553.9857,200.54875,295.11432,347.32486,352.34543,162.85178,164.86545
-MS7NIxhqnycssoNWvBZ.-MS7NOR5aWyGJia4JLe9.-MS7Nck5jkAqGmk7hsi7,-1.386714,3.3705938,-6.975077,6.5385985,13.513676,0.43872106075286865,-0.09855294,0.16210628,588.6157377387226,-1887.0921630859375,1716.395,1161.623,786.42236,2217.8618,734.9806,153.46477,229.23145,7.9459286,57.031227,167.89862
-Mj8A5WiZkzJQPQZHUxX.-N1wWLe-imNjHY0ey97h.-N46mGYEF8K_lv8dFkav,-1.2542554,1.1535745,-3.268059,3.6743314,6.9423904,0.947795569896698,2.940198,0.6771622,579.7152661046964,-1232.1904442310333,281.53433,215.15398,180.5025,290.67752,307.88654,349.61304,158.12848,152.37395,136.75671,152.48338
-MYcxMB6ca1sHkZqT4kc.-McSpJgZzpAPzm9HwoxG.-MdGP6W0lZjxvGipvCQS,0.026751969,1.8597871,-2.6094134,4.618079,7.2274923,0.9838656783103943,0.040621996,0.09234162,-5718.560921281679,48.32656608521938,678.25037,953.64716,1289.6252,188.39977,958.1745,802.1278,760.33746,11.748314,168.29115,398.1064
-LnHernN_fpHMmekEDg6.-LrsEMc0TBu1X-ESuAtq.-LuCTTKn_zAEK6EPKnbT,-0.8671647,3.0124233,-7.6232777,4.24126,11.864538,-0.14800502359867096,-1.1297861,0.24324945,2103.437800668056,-2677.48291015625,627.21936,1364.29,3861.4717,1376.1444,2842.4526,1161.3108,2070.7258,1238.8964,827.7705,1611.7867
-M2bvo-7AnonkE8qaqvj.-M2bz8ZiOLFfos1iTm0D.-M5_kA6lBw6Qdg7DlkTX,0.58967775,1.1143069,-1.6774231,2.505044,4.182467,-0.08913113921880722,-1.1082813,0.06354761,787.6725628793789,743.192626953125,73.23963,543.75397,741.5215,126.37497,132.88327,176.50995,238.56583,86.99339,12.3573,26.89105
-LjL053LDwz53ECJceWS.-Lo-r9zciba06Hi4D04j.-Lz6_jNpFw7jtE63HjnL,0.05712695,0.54300964,-0.9533828,1.2475071,2.2008898,0.2841014564037323,-0.7059088,0.055839926,-267.70491204816153,46.39276123046875,125.2991,68.4446,260.82437,51.089386,56.459026,20.556288,26.411703,18.607296,8.360064,10.377289
-Lt40AO190oa9cDUTnYq.-Lt40FaDWrxClk0uGr6c.-Lt40YnlfNMo4xo-xmXL,0.010263678,1.6806408,-1.9488277,4.9086227,6.8574505,1.4707664251327515,1.4177823,0.06311083,-5956.376894577786,16.591667691866558,1171.6603,868.2406,821.8794,523.0022,489.9972,97.98542,56.2524,155.51593,89.18118,65.6243
-LhFWo4psMxNltfNkt3V.-LhFWuDai6yRoxydHy4g.-LsuNsquf7LtU59uB8Gn,-2.5761168,2.9815958,-8.03922,4.5404596,12.5796795,0.4556463658809662,-0.16807437,0.104983985,1578.0294951675414,-6878.81005859375,4252.884,1513.8141,1381.2101,2048.5044,1338.5958,827.73285,1121.8787,880.33966,313.24298,571.4499
-NOJLSbEUK8-kwpgRLMv.-NOJL_OgEmxUqIM6d_Ow.-NYNK4Mcxslyj7YIPKvR,0.10484121,1.3281808,-2.6576135,2.5201423,5.177756,-0.21874406933784485,-1.0490395,0.36554158,1093.7107721716588,124.03955078125,630.11804,229.25357,783.94946,150.54155,193.65239,194.18398,208.17952,90.175354,24.220825,98.80817
-NFIPj2O6jdGvvIJzQFQ.-NFIPrf6eOxNMzmaAuta.-NTNoN7iHaHgwVVTsH28,1.5153238,4.869746,-8.625728,18.947973,27.5737,1.2198508977890015,1.7920094,0.65146637,1025.750565595301,2772.558364391327,2008.2179,1770.7346,638.7523,1903.4442,3196.3386,2940.3958,2204.524,1095.3042,959.64215,468.30804
-LiRv59cby4dDJ4r2Pt8.-LiRvJW2y2opdZ5s36FC.-LoZO3Y_1kg0KpZpJ4Zl,-2.0136578,2.142978,-6.1926856,2.8285632,9.021249,0.054097194224596024,-0.5655041,0.6001135,578.3691094856819,-2747.1812757849693,1498.192,747.56976,758.166,410.04102,296.9624,620.34344,248.49005,154.27408,229.28842,214.07599
-NHTSIH6WGEuYYUbVYA2.-NHTSRVS7egqeBUpedyd.-NRgg-A6cZmboXEqmkH0,3.894338,2.167976,0.33585405,7.700326,7.364472,0.08937015384435654,-1.2060035,0.15192628,447.431228045401,3876.169161260128,766.119,119.222206,1259.4169,113.76196,273.65167,30.381908,82.91374,74.11797,172.98027,28.32564
-M-nSsF_i78yWKTU6Jpi.-M-nT7byCCsOazYBWWQx.-M-nUopp7hWszDo7qJ23,1.2056549,7.1396127,-7.3572636,22.310173,29.667437,1.4865400791168213,1.3984456,1.1447034,1152.1818682521207,4146.89990234375,8560.876,8182.624,10803.524,2969.2825,1858.3345,3377.4983,1030.9618,1265.1034,733.8016,684.3245
-M-nSsF_i78yWKTU6Jpi.-M-nT7byCCsOazYBWWQx.-MUHyqOScxhkMC5ZSmu-,1.3963377,2.4335928,-2.4572687,8.389429,10.846698,1.0502562522888184,0.80822086,0.11738753,1152.6821356882929,2952.08935546875,2610.5647,1296.9149,948.3097,1845.128,338.79715,329.13327,261.36435,142.31749,124.13242,99.110954
-MPs4GrvJlieFAXqIryf.-MPs4WURsoALXoosJo0e.-MRObiSXbfKJRFPiejrz,5.693252,10.30126,-8.741596,30.122938,38.864532,0.8499101996421814,-0.19633222,3.1739964,1381.6464230169272,10565.8212890625,5323.5845,2940.7058,9596.907,6070.849,693.3796,2411.5513,879.8625,1507.21,480.43826,1068.895
-M-nSsF_i78yWKTU6Jpi.-M-nT7byCCsOazYBWWQx.-M7abAjfDu8KL2OZb8XU,-1.2569857,2.7823746,-6.7967286,4.680109,11.476837,0.1557629406452179,-0.87390614,0.36137328,1777.8451162958631,-3806.7857304016748,1350.0857,1799.3263,4589.2344,530.4285,2510.4768,981.9579,260.9142,526.9668,387.44507,530.63275
-MZHHR8dBprOTJLwvJ3h.-MZHHSzJ7ft2owE1r55M.-M_yQ-cfOpxJ-0ySU-Io,-2.2379868,1.7651734,-5.876473,1.4504853,7.326958,0.03539033234119415,-0.5941937,0.11551428,904.9221531578615,-3617.38382623593,642.4597,797.93414,292.73856,915.36206,980.9889,705.268,460.81354,288.50723,173.21329,484.0828
-MHoWbWXEEFoJniM1aZl.-MHoX0YksA2JqWGd5Y1s.-MHoXO9JDDH2No2aRSkM,0.05067534,0.74101603,-1.1851327,1.5653398,2.7504725,0.23052756488323212,-0.96350574,0.08232717,36.82730357415456,34.93316650390625,108.23516,274.27728,188.67442,40.760555,88.715004,84.85065,3.8010445,18.007345,14.530987,23.168514
-LkXdHJF83_HuTFp1rKX.-LkXdNOQzzEmDdZ3ixjQ.-MGN8NR8oHpLREPB7_iF,-1.9961215,1.6247423,-4.776254,0.5084859,5.28474,-0.19382648169994354,-1.2600781,0.108869076,141.53040351642576,-742.902579108874,323.65817,225.80042,161.56848,47.385822,7.690317,10.369137,9.89251,3.2331681,6.5908747,8.603746
-Leujocx_cjh-Ci6MrBu.-Mkq3mZ1iwxn7nz8DqwY.-Mn5Jx7_W0jar7LHgubL,1.9605203,3.2956612,-3.0733047,10.715103,13.788408,0.715165376663208,-0.08082962,0.17231321,556.1201174025529,2354.095210790634,1896.2596,1696.4733,691.03015,706.9443,338.49252,367.43915,180.64409,58.479874,130.89546,216.59602
-MmMQ5j2GE9MAHRXJeCo.-MmMQDqF-bIgPJJmtSGt.-MpBVJ5BFDEQLRnGi3r5,-0.63616633,2.3057928,-8.535769,4.305875,12.841644,-0.6888716220855713,1.080246,0.19701403,1507.7192345263434,-1338.97314453125,1179.6423,1360.8899,1168.677,1244.1455,381.59787,1423.7811,565.6829,1012.2487,1159.5402,297.51257
-Lhi_hQB4d9hP668bC18.-Lhi_pFqfsm7Fzt3bPH5.-Mdzc6YuYUmjcseGtXBR,-0.86518,3.0978286,-6.0968847,6.063966,12.160851,0.19906049966812134,-1.1247305,0.11994207,1181.6428707479768,-1674.5003662109375,1337.6445,1758.455,2654.6306,1744.0436,1060.3484,1019.9858,583.09204,374.40872,381.18887,434.54736
-MB36N6_Jo_H_Xp9V7-e.-MB37D1yxzolc_ezHl7L.-MSS93Tu4cdzmtlaCo79,-0.18131341,3.0890555,-5.8261633,5.2587676,11.08493,-0.13179194927215576,-1.0377203,0.20898767,-3300.922617489356,-300.52923583984375,1233.692,669.29175,2733.2446,895.1593,1369.8589,668.15704,481.40555,125.821785,264.43076,174.95085
-LjL053LDwz53ECJceWS.-N540VO55kQEnAVpIHhw.-N540ZhQuvkJDZPRefh0,0.74706775,6.0566196,-12.737418,11.206007,23.943424,-0.2858697772026062,-0.80914044,0.43457788,715.6374728067187,1310.629638671875,3134.357,1222.8152,5486.8276,2749.92,1526.3573,1158.6116,777.1556,1128.9836,711.67285,577.5235
-LrIRVq3IK3HG10yEBuK.-LrISdQltvo9B1C3m_ci.-LyY3PNavXPx-m_Vs8zg,-2.3095,5.3640995,-10.442468,10.588192,21.030659,0.20628105103969574,-0.7935386,0.3090589,257.4670779199339,-2262.510498046875,563.2612,318.57346,3253.909,1114.7955,944.48553,500.85974,283.23755,552.32166,46.638992,95.19159
-Lj_Qd4twBBGwBtgQAE9.-NLP_uf1wj_ZkwCtN2QJ.-NN0sKuj6D5vACUjV2gC,0.9032778,2.0019536,-3.3962717,5.0231385,8.419411,-0.27001604437828064,-0.17647982,0.27879703,98.90165720806448,180.6309009194374,258.01468,47.83178,108.393745,24.404778,20.44748,20.07745,25.382948,14.019438,8.456251,15.487826
-Ll6cs_2_PISse2tMbIY.-Ll6d2JxKsxCBH7cEtzy.-NouOYOI1z-iZXfTWREX,0.88643813,1.7030678,-1.9985547,5.5588117,7.5573664,1.1322344541549683,0.8539822,0.17968269,315.94628272120946,852.9205367925266,868.16534,440.42773,466.70877,296.72366,19.024746,216.72165,92.61818,27.9887,59.01466,102.34283
-NeMreqmG_AJT3wdYmIR.-NeMrl1wnG9vXRJZgzVd.-NfKRZFQa16MDd6maVs7,2.3298688,2.734651,-2.6255195,8.799239,11.424759,-0.1082802265882492,-0.8543341,0.40184927,829.9987563308279,3556.7734375,1367.4364,1318.4683,1955.8335,889.0442,414.55276,145.92859,295.62247,168.22102,102.469284,156.85295
-LnvJOiOC0hyFobuXd5Z.-LnvJTU9-J1J_3OpDavY.-LnvKZalZu35yevczD_0,1.0171424,0.91724825,-0.7129764,3.1214323,3.8344088,0.2065267562866211,-0.7224672,0.05111611,501.9276601206855,1053.9196494743228,220.69366,289.61816,428.513,310.8537,99.278915,125.51802,59.833897,42.988155,58.40759,39.82947
-Ll0PgwJ482RpHKPZiP3.-MUrcCjUEtwQ-lVQPcJs.-N5d0ZkyKsdpWmu0DmnI,-1.4540216,2.7868514,-8.29678,4.6132727,12.910052,-0.05194791406393051,-0.39901686,0.19383025,1256.4952573634823,-3475.207763671875,829.3374,1158.2181,1121.3922,4104.669,817.9522,123.10983,742.1879,526.456,203.77922,98.249825
-M_PGLVqjiIPa2WqXjoH.-M_PGN3m526oOGvdYEf_.-MmROGruTyKq0mUeECu8,-0.6680231,0.62900573,-2.2476108,0.52783436,2.7754452,-0.36685195565223694,0.1447928,0.08441925,243.63483907409068,-252.5585988163948,100.84968,16.863691,109.67951,62.637936,27.487852,32.875175,7.1458907,11.599524,6.039179,4.7889156
-N2zbkhz0QH-FVKXOSNq.-N2zc56TwmgoFUpO-c8U.-N5EkJIckx2rkojWtkIq,15.173405,9.105466,-9.536658,30.4324,39.96906,-0.6899891495704651,0.36812901,0.98851204,679.3706924937769,22229.240234375,3391.159,2085.6663,6418.5933,3260.9744,4223.7915,734.95966,1224.8912,472.80197,628.92267,177.02626
-N7ypfM-kSIKfE97Ia8G.-N7ypkp-37RU99KKo0YN.-N8YDMP796oTCxXRfSQ5,-0.9572458,1.6753051,-3.6742098,3.352507,7.026717,0.6357962489128113,0.0051054955,0.10056884,439.32069856735035,-1295.728759765625,467.62848,301.22617,159.56819,1157.3167,726.5338,326.17355,424.64896,104.02273,167.93376,103.84738
-NJErXKLwkd1nbg1WAvd.-NJErcSu-bZzgcub_6av.-NUQgm-1SgeWiq_m_Cv-,0.22312637,2.3793006,-4.3073316,7.281957,11.589289,0.5657550692558289,0.19094181,0.12673855,2004.9410474409688,374.36554261048633,764.8851,748.1772,2378.9023,319.01834,742.9765,80.58972,325.4973,283.88983,252.32274,157.10489
-LeLiaV_6NrLdFlMbLi_.-LiCBvXce-5OzfiYh1Tu.-Lu2HI_EwwRElSRyXqzT,0.4123515,1.0837735,-2.1278915,2.1174946,4.245386,-0.4802100956439972,-0.56177163,0.0910434,818.2668478282208,626.5203247070312,553.35944,875.32666,306.65143,103.80048,245.22546,122.01876,265.45847,21.973272,46.441174,39.819687
-LsVlMLffp0SgAp0tEX8.-LsVpvvNc5iRCKfLMuPm.-MPrbmobUqEW9q9YvyZt,1.0903772,1.8398399,-2.117799,5.735366,7.8531647,0.6525851488113403,-0.20636058,0.09799765,373.81475286410756,1208.99658258756,886.8803,606.4726,701.32764,581.4922,231.00336,34.67854,79.47747,164.73969,27.776627,106.98246
-LjL053LDwz53ECJceWS.-LjL0WQ8L4ws1NV7CsBK.-LtdGiVrN-Zlqs9N2rgc,0.16194677,2.048009,-5.688171,6.0125675,11.700739,-0.1533009111881256,0.5504761,0.6165283,2852.0124137187877,488.61281618475914,1194.6948,767.7589,2270.5125,1840.1306,1030.9429,892.43695,1449.9304,890.6288,1405.7784,602.27594
-MvNOnbh2Qh0ZTFU0LjI.-MvNOvJzKLE_w24DY6Th.-Mw682DCUGxwQqn2psKc,0.2824359,1.7551539,-4.0136194,4.190009,8.203629,-0.12255948781967163,-0.49756122,0.17179132,827.8632569254834,472.72264620661736,868.9915,87.57022,937.9559,906.7715,716.93176,1077.6284,44.932198,100.646484,93.78081,113.78592
-LimCEPj4cm8u6UaR3tY.-LimCJq_owsUDVdRu8Y8.-NkFA32OcgzT2p_RINCX,0.19180796,3.2415314,-5.6561785,8.374244,14.030422,0.7535189390182495,0.62589216,0.27481484,1788.8316528000012,162.35460387915373,1251.5317,1176.303,256.72504,810.79236,217.7429,143.6433,28.445381,72.888664,28.576748,46.973495
-Ll0PgwJ482RpHKPZiP3.-MXBjBjICFHAhbZQuk1D.-MxYhkPKOd2U4ORd4CaT,3.5404317,27.660091,-60.52407,53.43936,113.96343,-0.41287630796432495,-0.610569,2.8558264,165.05996133085992,5979.715735117595,13714.922,4953.4175,24900.66,11680.231,5960.8228,3181.291,5484.2495,4291.0815,3562.704,3224.4236
-MxYN_-GGjd3aJ0ZnbsD.-MxYNezJNmGM8aq9Abvk.-N-2RVv5zyorfjDfyzS9,1.0058848,0.9465669,-0.5254693,2.918096,3.4435654,0.3048819303512573,-0.7881534,0.07631189,390.62957694467156,757.8236858596405,299.8113,133.47873,359.23462,50.414165,70.18434,79.39948,48.307293,30.897633,17.496147,5.1379294
-Lt47WbLeFz0Frdnf7qM.-Lt47aFOlKM6fxX6e0QG.-M0RXMYvKamEriKJ_309,0.5124579,1.2513697,-2.6553364,3.2184443,5.8737807,-0.2920450270175934,0.22669125,0.06636289,602.0262672919313,621.283020020773,113.6604,668.394,608.78455,474.36423,240.18643,95.71941,104.05832,50.512978,66.10876,69.19843
-LcjI5OGPRxeAj_JwEb0.-LcjISTwgjaAZF_xYXxT.-LjFfu2qQeD3NRxN8_Sd,0.47982356,5.1097126,-7.162178,10.610426,17.772604,0.38405975699424744,-1.0571468,0.24569035,208.8729824743679,645.0094604492188,3888.8115,1310.4059,2440.2256,259.4548,381.01694,323.17603,242.59586,162.3798,190.95111,154.8802
-LwIMXLKExpIAn07WaxT.-LwIMfajZtkKS9rHiNMY.-MLN0aBGdCMWFF61OUX-,0.37873033,2.3453376,-3.8309314,5.101092,8.932023,0.15061180293560028,-0.9035926,0.15000805,2439.1158375254136,849.54833984375,851.455,1182.2167,2846.9028,778.0293,969.2576,733.70984,685.16174,323.9755,569.1815,636.70795
-LnHernN_fpHMmekEDg6.-LrsEMc0TBu1X-ESuAtq.-M8t4FXA6x_CZoXfA2Fo,-1.859584,4.0802813,-8.98427,6.6982746,15.682545,0.21263892948627472,-1.077252,0.38226676,1217.9310915229094,-4860.4267578125,1801.0723,2869.453,4917.208,3036.2773,1627.8936,1701.1677,863.30865,721.4589,1261.4211,692.8235
-Lj_M3HTF61jKiWsSATd.-Lj_MEkCcndnywW-QHbY.-M-JwusLDdSAhxsFzfyc,-0.18067604,3.3652346,-6.648214,6.4105973,13.058811,0.025183146819472313,-0.84223557,0.09341717,1760.3609275957253,-344.9891879558563,862.0004,3597.8804,2381.111,950.6691,754.8235,228.59888,535.93506,230.27719,251.23271,210.73065
-LsVlMLffp0SgAp0tEX8.-LsVpvvNc5iRCKfLMuPm.-LtxbZbk__CFDB2JvKYX,-0.71601623,2.869768,-8.769714,5.317849,14.0875635,-0.3827214241027832,0.43152642,0.4389856,1317.0394970799318,-2672.22314453125,2571.9897,4191.362,3372.2837,2578.6223,1305.665,2079.1904,933.5385,1606.2683,790.075,338.9959
-LzBsAGwh23ynWFUHLBG.-LzBsEdYL9vH5jYJC3Nr.-LzBsrxX7NXU1UYOsSc0,-1.4277825,1.7216719,-4.201454,1.9712597,6.1727138,0.3084266483783722,-1.0565711,0.12404308,543.3591644212731,-1902.50469404459,753.02484,445.56845,1051.9736,462.6671,305.8111,412.57086,401.50006,146.60396,177.08308,104.085335
-LuCFHpJ8o8WQZ4o8TDh.-LuCFLchImr7y2v6FGZ3.-LyYaJ-GJ7SW7eDI9T63,-0.6740294,1.7659612,-3.8851416,2.83306,6.7182016,0.16216707229614258,-0.99130964,0.12347018,339.9506434309324,-444.0319674089551,312.62866,657.4197,225.84016,265.20865,65.69129,112.47452,51.141914,20.916962,33.093937,31.6071
-MCLitOLM3jV9IZj4J6j.-MCLiz4YPVUzDRCbr822.-MCLjGtFCdeL3aSoxVsX,-0.92680323,2.1836882,-4.656349,5.7069407,10.36329,0.9852433204650879,1.1989932,0.08844646,1912.243105613963,-2804.5745023290315,1262.9392,1878.153,3047.0266,1959.8625,1328.2183,1054.3602,215.0326,452.71442,426.37518,132.6021
-N1HyPmDE0QTEp92yfCF.-N1Hy_lxGTSOVSsrMUdr.-N1Hz-XeNYP3pNWneQbi,-0.35712326,1.4956465,-3.5354369,1.9365538,5.4719906,-0.21574923396110535,-1.057908,0.0717452,729.6076041967841,-460.20135938127834,196.41443,316.72678,1112.8287,481.44305,449.32733,111.40763,137.1049,58.566628,120.56889,78.89513
-MrWMcBqkBqlw5NMQFkQ.-MrWMm-bJkLdGSQBRCb6.-MyMOL9UiPG5qQ5xtt_B,2.0533364,3.1708305,-5.31264,7.543498,12.856138,-0.5495937466621399,-0.16455579,0.20037746,310.28575412544154,1986.087890625,1090.7999,709.6689,1467.342,798.31647,311.33487,249.5525,73.96389,59.308346,206.93594,93.21437
-Ll0PgwJ482RpHKPZiP3.-MUrcCjUEtwQ-lVQPcJs.-Mk6VFPUVVOJP2vJIBET,1.668748,6.2196894,-8.747924,31.120335,39.86826,1.1196962594985962,2.346684,1.2639856,3172.2466081698667,6051.417754451434,4975.2046,6910.341,4897.1675,10747.96,1102.7268,2872.6904,576.1328,2670.678,1373.6095,1630.9413
-LjFjYM0cNHLWyTLdPiL.-LjFk5YStuJwLI4Bz11C.-LoJvTRTWtVT3nkQl1mG,1.5141239,3.5169616,-4.2417283,11.435101,15.676828,0.6915224194526672,0.22531295,0.10487032,2108.1572135065644,5329.890625,3346.2854,945.08954,4654.9795,5419.105,1878.333,1769.8462,1591.6582,850.9085,1027.9576,1121.8124
-LilnSmSyM-6usWD64ZZ.-LilnfIIotZ2luAuWpsh.-NTIHSw6WIv58GrcBeXk,-0.18548056,1.641809,-2.7691705,4.397387,7.1665573,0.8725100159645081,0.36470294,0.23614557,581.1693933920553,-421.3551025390625,464.73813,628.2932,1899.4397,148.80743,1012.331,740.2575,686.67615,490.21536,332.38055,230.7371
-Mj8A5WiZkzJQPQZHUxX.-Mj8AAzjkbkV0ltCdFRr.-N1wWChJ6xrWstFF4gK8,2.0552475,1.0619426,-0.23006214,3.922345,4.152407,-0.06607495248317719,-0.7972474,0.0802958,415.0178691368666,1468.819039463997,227.98041,216.40689,308.03253,291.07434,62.120285,51.177784,33.16855,38.321884,23.239262,14.794135
-MvrNkubcd0s4PMRZU6L.-Mx3ll1mq6Q1ZsenuqIf.-NLuEJbgXdXFUL-AgEmy,-0.58744174,4.7397323,-11.692769,8.831121,20.523891,-0.19269876182079315,-0.6956632,0.49660355,535.1807684683046,-1707.269287109375,3043.586,2555.1335,5709.005,3887.4292,2848.8142,1345.1099,2791.768,1893.6152,1069.4005,1662.3346
-NUa9N-_JWZOckdwsrJO.-NUa9R8MvOxSokmhgPcV.-NYHOx2d6shtFDlJxZAH,3.1371381,2.5321045,-0.8129929,8.59923,9.412223,0.15401872992515564,-0.757859,1.1843846,177.19435977842488,1067.3991543451946,281.28854,407.85464,274.5655,87.48673,51.385315,177.65536,40.51152,38.573723,29.542398,53.356514
-MvrNkubcd0s4PMRZU6L.-Mx3lTGBalMdb5zHET1V.-N-MW0i6S41DlUaLmSD8,2.4523315,2.2398958,-3.331638,8.563477,11.895115,0.25655174255371094,0.83565307,0.11477661,977.7755703922633,4246.875,357.15274,514.4994,1529.7452,1384.0602,1299.8157,956.0155,343.41956,53.406506,235.20068,83.24594
-MpLAIls3c9Zt-aRzUug.-MpLAPDSOhSb9nepHRRt.-MqTGMzWut-L2AFtsUeU,0.97681916,2.4684653,-3.3616097,5.6913733,9.052983,-0.008487993851304054,-1.0478661,0.17592803,672.87193220291,1733.8460693359375,2507.081,636.85394,741.4952,1191.71,378.21155,108.87432,667.7652,212.29031,197.3966,273.74292
-LsVlMLffp0SgAp0tEX8.-LsVpvvNc5iRCKfLMuPm.-MS7hlJHpVfJy5S6CQjO,0.25638488,1.4160994,-2.0394363,3.2347994,5.2742357,0.40298357605934143,-1.022602,0.05374071,1296.8625884570406,539.9297947088877,647.8735,920.4495,1031.8665,812.09485,814.3633,710.12354,151.37996,182.22942,245.58997,222.05656
-M-nSsF_i78yWKTU6Jpi.-M-nT7byCCsOazYBWWQx.-MDJsVNcLbeX7-9BwVn_,0.08310986,2.4836555,-5.7477612,3.8464153,9.594176,-0.339015394449234,-0.7810819,0.09391606,1362.1168218711834,198.1873016357422,991.0449,1460.788,3418.0642,1253.5481,459.09128,857.26556,248.3716,227.70335,462.31732,343.2742
-Lt47WbLeFz0Frdnf7qM.-Lt47aFOlKM6fxX6e0QG.-Ly3GnYK9pXNhBqSrU0w,1.3882964,1.2288221,-0.762334,3.6562772,4.418611,-0.021249329671263695,-1.2648535,0.10245019,763.5479742112268,2134.4951171875,472.39142,547.40436,185.96248,958.0343,400.55707,310.0652,21.000395,71.546814,55.38269,91.84406
-LrOCyWQ9gGiQHr3H0GZ.-LrOCzqIBjsVgRRoi24I.-LrOD2zCniV8w0bnjCwY,0.3931236,0.6816972,-0.6256176,1.5690205,2.1946383,0.29358237981796265,-1.3347061,0.07864827,165.30723294616942,167.66034316023192,82.82921,165.41858,58.497326,62.30986,24.876848,16.31581,11.582394,7.1418624,13.013814,6.0701604
-Lhe7Rr0kRFC2_3jT8E0.-Lhe7ZLURi3KBGWKzagL.-LxzEVv8ubFYXUGslNHI,-0.18036802,1.5109144,-2.9211142,2.7828283,5.7039423,0.1111733466386795,-0.9992235,0.07334262,214.45160040324777,-370.8153076171875,1004.04047,117.32606,1297.8049,467.89438,1182.3645,91.468185,380.11496,363.47595,293.54337,81.865395
-LeGC3EwPfb82NnUGMCl.-M9N9tvEz5XJvKf9pBur.-MUI4PZKpLv4UiaMLEe2,2.1358528,5.1781044,-5.2844086,14.5498295,19.834238,0.603400707244873,-0.3290465,0.21608669,1028.824963730301,3223.3613823254905,2248.4534,2345.7075,4411.412,117.95663,422.14948,418.14847,220.72598,185.23563,274.63535,130.86905
-NFIPj2O6jdGvvIJzQFQ.-NFIPrf6eOxNMzmaAuta.-NH42aymFs7DKzcyPsLz,0.32346526,2.9045126,-4.989985,11.644619,16.634604,1.2120721340179443,1.4658346,0.56951237,2769.0038282613455,574.8872871200243,1364.9072,1714.6973,2111.2825,782.69495,318.27902,124.59337,935.00385,273.7947,743.79425,191.8424
-LiHdzI8lpqzkkuRhCf4.-LiHeFL-BtOWv8dfGtAP.-LkORMqxsBTbXsabXuAn,-4.215473,7.889609,-19.999321,7.986078,27.9854,-0.17130465805530548,-1.3332561,0.5093057,1926.4223497810503,-15031.708984375,8487.623,7436.585,11532.989,5969.261,7778.09,2799.4114,239.21808,1520.6151,3675.1526,1978.1409
-NWBpQWYQiiP5I_VJXsc.-NWBpVFhytLb9mweOXIh.-NWBpimZ_YOAFMLngiE9,0.30961594,0.5550406,-0.65431833,1.3895653,2.0438838,0.3932781219482422,-0.94774437,0.031612903,566.9396807062648,269.5994893833995,227.87317,92.664795,217.6692,33.583035,78.35005,6.187318,21.263643,21.77519,11.67155,7.3002424
-LjGBIYnULLBckx6_33e.-LjGBSWiBH-PwIJV_e8T.-ML77XIMGbrcynbcshY7,0.34080818,1.2595662,-1.6166506,3.286057,4.9027076,0.6246817708015442,-0.3371141,0.08374703,-102.1745130570448,472.26675734420616,984.2063,396.4579,290.18262,366.95395,230.67616,181.37231,193.13828,77.83049,125.22565,55.771065
-Liq_w4K5UDKsni46WKd.-MIJ9YxhIJhizHAqd-nT.-MR4HvJIWDCz0K9DlMhi,0.22930813,0.48619056,-0.8250228,1.3146875,2.1397104,0.19312086701393127,-0.54424953,0.04883042,631.162346628956,236.64321899414062,96.67808,168.52655,166.07317,156.20007,161.59784,51.549458,32.49388,35.763977,28.322622,8.753793
-M_tIQ11tt91NxaiwXZ3.-M_tISNRNhkLQ3PQv48u.-M_tJ7QiwaDIY1lLeOOE,1.9877367,0.9484845,-0.025626944,3.6397107,3.6653376,-0.35274064540863037,-1.0405632,0.077043414,651.5824693312708,2634.853515625,135.73521,345.3863,370.1777,650.01,163.32256,106.883354,70.755936,141.84755,115.02833,51.089035
-MX_tivv7eIFmiM5It8l.-MX_trj6iIQj0BMhXUII.-MX_uEBnf8SpOt2qCzKO,-0.42554563,1.8953145,-4.3605657,2.5868638,6.9474297,-0.2584865391254425,-1.1115253,0.10429339,400.07898242957873,-686.5661972959837,1255.6831,297.71713,1315.2786,709.14813,462.46878,183.36479,572.039,230.96266,95.93259,147.59706
-N2Ajl6_8RGCd6aajyRP.-N2Ak5BkHAg3tBUGAO6a.-N2AlaRTd0bi0zyuT4Aq,-2.404388,2.0464637,-7.2351055,1.6755831,8.910688,-0.3618030548095703,-0.15878987,0.13017642,717.8055436253167,-3785.49169921875,887.87634,993.674,399.94116,1226.8077,976.30817,493.67682,546.636,216.13985,48.757027,277.41998
-Li7gtLWrhFzshc2oF9G.-Li7h50589dvy5XZPCea.-LjUdKcGL_ilJN7H0_Lg,0.0686534,1.3833667,-2.3805048,2.8816953,5.2622004,0.27974674105644226,-0.9519532,0.07429552,4118.342558392906,129.78351108233133,1237.0519,18.302916,690.2223,723.21423,712.18787,106.607185,223.796,124.68491,16.135199,197.05914
-Leujocx_cjh-Ci6MrBu.-NLUo7sNx6hp4uSLWSwI.-NqW_W_-HbcE3c1RQCaX,3.5779197,2.4683712,0.5589582,10.737554,10.178596,1.5999374389648438,1.7061286,0.2994535,708.6586571577157,4659.08154296875,1287.323,1203.182,960.4407,727.8026,414.13013,398.55786,161.97295,314.94257,31.289827,127.55935
-LlBEMo2wsK41U_i4Ff-.-LlBEbuAIaFAvd6Tsudd.-M1-uESDpAroEvKxW_12,2.1373162,4.436328,-7.078872,11.133987,18.21286,-0.010924036614596844,-0.718889,0.14798191,1904.2231368730775,6098.3330078125,2242.958,4287.6978,2625.2988,6403.5635,1052.7294,1219.1365,932.6614,1363.9601,272.3211,999.84814
-LwDIOlM_-SoOdQMs-01.-NEARtKptrKlns-dkr4l.-NQZlQPV8aTk-BfbCx46,1.2193838,1.9336928,-1.9183503,6.4540825,8.372433,0.6287517547607422,0.13082027,0.10544419,1126.9028524850953,2121.2936062415442,618.5781,1151.577,1377.5387,329.74097,1144.8585,315.3223,456.6805,438.67477,241.16917,167.95137
-MOk8Rz8yptfh7npd1_G.-MOk8Z2YR_u4Gvpqxnn6.-MOk8nt3LZiQYiQDC57R,-1.5107375,1.5896895,-4.388612,1.2835629,5.6721745,-0.062239862978458405,-1.0138401,0.18745953,170.7142789860958,-548.308597634236,87.84195,367.17297,136.59227,22.981178,63.18922,30.879517,16.38867,14.558694,5.0937877,6.4242516
-N7Zztxm7PNA91mxDACd.-N7_-CYqQ26mMpmgXmEf.-N7_-Ihh_qJ0gfVIVDko,8.530765,3.7468572,1.637016,15.774901,14.137885,-0.26066911220550537,-0.894717,0.3322749,362.1466741303091,6836.68115234375,814.33405,620.4218,1323.364,1174.619,116.63181,341.12668,313.13098,291.83362,104.31177,44.103214
-MUDIcWtRJGFt3XdDORq.-NE5IIwezb_CBOsJceZz.-NE5IMDax1JU7HjzdXgw,1.8996441,2.474249,-2.558035,10.3840685,12.942103,1.1229617595672607,1.5901113,0.17313266,889.369703902817,2963.753336509069,1283.734,1345.5958,1576.1486,536.3738,734.23206,328.59174,528.6586,305.49185,189.09172,350.44717
-Ll0PgwJ482RpHKPZiP3.-MUrcCjUEtwQ-lVQPcJs.-Mykdn2Cqnkd_1jb_1Qj,-1.0232539,3.8348825,-8.007618,7.7546725,15.762291,0.5754735469818115,-0.4905722,0.5347378,211.94092724371123,-2780.92724609375,1857.3315,4069.1494,2993.1296,4096.2925,1434.4943,1867.0311,539.4098,695.3732,552.00214,803.2385
-LrrJODQkYUsA2_E3nXS.-LrrNpTJyrlMkX2XWakX.-Mkfnr76LMe38dqi1ZEk,0.9619924,1.7783725,-1.9841771,4.2657404,6.2499175,0.3745037019252777,-1.1269698,0.1336773,358.65122489276575,754.1122255790979,744.9329,541.2347,231.52942,198.27365,34.937004,69.390114,77.701866,83.84386,71.49082,40.54156
-MuohO_gtqg0k2r683cO.-MuohTxXe5Rvw6M6hPGu.-N-2C3g2eAVFA-vkCz4V,-2.0294251,1.4425682,-4.761709,0.73480135,5.4965105,0.16796773672103882,-1.0724791,0.070115685,751.8429737663469,-2985.502536972364,983.08826,848.241,460.53882,43.29343,319.84167,349.89816,185.33432,262.62048,15.554537,79.05084
-Mkkq-BYie-_L1cjH_kn.-NM8UeiRhnOZlyJpJVRO.-NM8cGp8AbwMb9HzLEP_,0.24545184,0.7684583,-1.8491555,1.5695707,3.4187262,-0.29788464307785034,-0.30594444,0.27185455,587.6855743908358,367.0142517089844,493.7012,86.10958,76.93531,363.08475,241.90865,208.41884,232.57634,112.32377,162.54471,36.180775
-MRUA729OiKXXyHBgHAJ.-MRU8BEsz4ELk9LiGR2N.-N0_3-q4ootZH2byLV-Z,-0.73445076,2.064642,-4.0960917,4.4722877,8.568379,0.3205433785915375,-0.25023317,0.15942606,568.4154317731306,-808.9387986709675,323.37006,595.2083,1113.8608,504.85333,489.56476,517.4084,219.46565,145.51196,184.53125,39.008
-LkStkgOz4aCQplRjDVI.-LkSu-v9GyFDvJPWbbAu.-LpgVyMQ93fxAr4Q0ocZ,0.4318319,4.0521894,-6.774216,9.574366,16.348581,0.5890514850616455,-0.56649995,0.20258331,2264.573787805622,905.4571942885717,1173.3264,5113.1836,1798.1456,972.0245,1624.0265,392.9971,354.81168,907.9467,709.85175,553.2725
-N1mA5i1SYvNLLKAMssq.-N1mALbAk2gcKcQ1JL5-.-N7PqUZG-oXOMV_ZHkqi,-0.91628265,1.1828896,-3.677642,0.9083307,4.585973,-0.31891345977783203,-0.7150147,0.11829519,210.75938247161486,-568.1496409972509,138.13574,383.8539,173.91571,247.66351,44.4944,55.037277,57.955128,30.71159,17.741322,36.89652
-Muyzr-HZiuakSJo9f8m.-Muz0TCkguH-pRDg0Zju.-MyfQWwSYl0OEKpdAXOR,0.72126013,3.9566953,-6.7615857,9.808832,16.570417,0.06395499408245087,-0.7277918,2.069054,908.0065398971799,678.6887531280518,193.74455,629.62646,2076.0107,571.2497,1058.587,508.55164,103.23558,362.43793,268.82446,398.7806
-Miu3_M5gHegm3hn6Q-R.-Miu3iIK6r5tCcrkPh4t.-Miu3ls1WvPwLX61E96J,0.31138575,2.2485526,-4.420383,5.7870116,10.207395,0.5212808847427368,-0.0037779808,0.3022561,375.09258579868805,349.7259242932002,693.5539,798.4834,1087.4884,704.94604,424.8517,140.51349,239.69777,286.03436,202.78462,80.91411
-MAV3HS34pHY2i1-YSV_.-MAV3WJjcTNFpt1CbDIQ.-MCM9yBYgP_Rv1Mm96q1,0.64570165,0.4298742,-0.14019436,1.5627989,1.7029932,0.25496259331703186,-0.9328885,0.049745083,340.0852095649329,431.5337829589844,56.905453,53.796173,116.08842,122.74317,66.330696,22.20758,28.404423,16.733446,9.765373,8.648975
-MJf9PRZCQ09Pmf_ADGD.-MJf9bSnOXu_-8UO1fH9.-MJf9lBEx989y9q1n4Or,1.4186037,2.3711195,-1.7200584,8.120426,9.840485,0.9888489246368408,0.38414,0.40544844,669.1839939015792,1859.597239057223,726.4912,851.0749,1602.624,601.5499,447.36774,339.5017,406.65442,114.110374,310.56137,129.49496
-MpBDMbsdyhcLwWL-L3_.-Mt7hwsWb4VNoFeU1Bhr.-Mt7i5EnEFNskIWYbItK,11.102912,9.770422,-11.789417,34.757874,46.54729,0.07309387624263763,0.7867665,1.019978,1067.2584973024977,25502.491418282192,1509.5562,4646.903,8708.374,9249.419,6196.827,2377.5295,2510.2837,840.75616,1240.4773,1197.9366
-LxPzAAXRuoplPdr-PRR.-LxPyKw7jx3j1Fa7bodz.-LyT-pA1CwK6fCBv7vl6,4.3570237,4.317961,-5.592294,16.16006,21.752356,0.2875603437423706,0.9569752,0.3059597,686.2887282864206,5980.0430653095245,674.6729,1079.8953,3022.3635,2219.7842,1151.3248,219.26537,165.5827,573.65173,187.28697,82.28856
-LjGBIYnULLBckx6_33e.-LjGBSWiBH-PwIJV_e8T.-MSgZBK6UR70ty4T09Ak,1.2510339,3.91814,-9.149636,8.016105,17.165741,-0.3976741433143616,-0.429245,0.19544667,1587.8500790098049,2121.6959364414215,3226.4827,1746.2083,1164.0184,1396.0935,798.9595,1629.6978,331.57016,690.0688,905.5922,85.047554
-Lsulqs6JeWOd9vlQVWT.-Lsum-cJ04yTXC8kchkQ.-Lsum7pVVXmX_e_Xjqn_,3.306473,8.734243,-12.821439,41.40936,54.230797,1.0668070316314697,1.6022611,1.5072336,2899.483594121754,12353.287109375,2031.2892,12469.355,6106.5273,14520.229,2905.7134,3724.778,5895.626,3874.174,1721.1816,3134.2236
-LjZoU_G2B3YglO2xBaE.-LjZokWzH1DWEXx0L1a-.-Lt9DmmvMA866hgvXQci,-1.478857,1.275127,-3.6897786,0.98592263,4.675701,0.06648485362529755,-1.0440453,0.057063937,786.4045593029034,-1876.609292646249,824.3656,614.48065,17.343792,341.58594,131.91768,306.70877,34.92101,122.53048,39.875988,62.324974
-Lj_XnWf-EECq-HeIZII.-NpJ_INJGdmECJczg2wg.-NpJ_NCarG4HPKzWwpQW,-1.8091924,2.8626966,-5.836105,4.2823853,10.11849,0.6043304800987244,-0.51957154,0.15156128,485.45061245471425,-2547.965991536776,1248.8999,1113.9395,2021.6462,862.39856,434.81757,229.10397,232.4832,266.2078,94.3297,158.66975
-LsVlMLffp0SgAp0tEX8.-LsVpvvNc5iRCKfLMuPm.-LzLehsr5lRMD7x47wWD,0.12075212,4.3730106,-9.065409,9.558852,18.62426,-0.19240593910217285,-0.3171661,0.10659003,-6260.254246923962,307.940799554189,4416.9375,2246.0598,3847.728,3845.71,1738.9742,249.4066,725.5929,645.4694,200.61734,330.07526
-M2gsMSjgBDeZhPiRGCs.-M2gsd9LQMlBwPrVPX3L.-MN7fCMqNvz4KE8ygTO2,4.1431603,3.3832574,-3.596363,11.920635,15.516998,0.15994729101657867,0.1193676,0.18074894,928.6640028799086,7920.7294921875,1456.092,1717.2074,3122.8286,1934.2517,1031.6548,675.23926,698.6809,390.35883,69.08395,83.876366
-LeGC3EwPfb82NnUGMCl.-M9N9tvEz5XJvKf9pBur.-MK9KgBGcUGe3PSd8i75,3.11336,1.9244932,-0.26729918,8.317399,8.584698,0.5561753511428833,0.21305227,0.23414922,631.0383359318264,3296.7025514443717,906.99347,386.85822,919.94336,350.06454,169.9261,104.24462,74.03208,51.247566,230.4595,80.2588
-MxnBemt8NLQn2z_pmjG.-MxnBxaMk6B9xqhbBJXb.-MxnCrFKTH9AMxFqeOMK,-0.7208773,1.6694123,-4.6004133,4.6831775,9.28359,0.2725113332271576,0.68210363,0.24081087,278.36213864455345,-565.8181762695312,277.87164,462.82376,384.66544,466.6064,303.23956,180.10364,164.01767,95.5381,46.62116,80.480804
-LhKVtvaBGb1puFWOmgR.-LhKW39s7wkxN44JF0MW.-MROxofrBvwkv5QagaG7,0.0024966982,4.3760734,-8.1767845,7.840871,16.017654,-0.35231876373291016,-0.94921064,0.15685564,-301051.79264260153,6.285832653443019,3751.9944,1091.2769,3343.4578,3499.6855,1657.1649,1402.2554,679.0925,412.80127,574.8802,377.0402
-LjPtd4ia0kheSm1ks0P.-LjPtkH_yTJ0yRteaGcw.-Lnl0kUadEjUoygDOJ9Y,0.11055059,1.4458755,-3.5270486,2.9563394,6.483388,-0.41944459080696106,0.28599048,0.09152135,1158.9620783134117,125.44576227664948,694.85864,624.7228,51.16524,655.87854,120.56882,82.47948,203.94354,68.090775,41.33447,73.07324
-NU6Ucl7T5pvRq7p_yHN.-NU6Uh9BMYOrcb4IRLkb.-NVnHijv7tmHY1fTx6je,-1.2630258,1.777594,-3.845677,2.875248,6.720925,0.6460399031639099,-0.49488163,0.2929381,237.5281874696296,-1143.4881591796875,546.8712,488.74374,784.71906,333.4185,39.54253,114.0754,86.14725,43.36536,22.418139,8.897239
-LhtgDx5KeVU6cU3K9Dh.-LhtgZ-OCWFD-YL8GREj.-LpRxbLbB3SSlXR_CZX7,-0.66909385,1.2867051,-4.061235,1.2341756,5.2954106,-0.9131937026977539,0.23336458,0.10039562,189.52158163654377,-418.2828381359577,350.9551,375.38263,172.89491,55.800076,128.81302,36.04312,90.85442,30.717024,11.908341,8.269717
-Ma7RF-NP7vQdoEKSvnl.-Ma7RHUahyDsdWSeJ-SB.-Ma7TkWhegygzLWjhSdZ,4.3197093,1.9388797,1.512511,10.343753,8.831242,1.337009072303772,1.7004561,0.20685673,448.95498812978985,3623.456496914228,495.81595,349.64368,726.9091,581.92645,141.26794,207.05853,77.95948,85.46834,81.97452,48.608063
-N1HyPmDE0QTEp92yfCF.-N1Hy_lxGTSOVSsrMUdr.-N5d2x7EVLEkozCcIdNM,3.375317,5.722128,-6.079755,15.8394575,21.919212,0.5032066702842712,-0.5610635,0.47926235,734.5588352159605,4569.84375,2813.3296,1074.0814,3955.0269,1908.619,439.74567,665.1241,324.88022,518.6157,315.2391,494.51093
-M0RW7VDc223-4s9DAk4.-M0RWClgmAG7SX1_ZdMi.-M0RWOoVjReJmqvXVSOZ,-0.06925469,1.0530374,-1.8866988,2.3375146,4.2242136,0.3150666356086731,-0.50697184,0.042949066,3342.896186953595,-98.57008536656697,900.56415,179.17496,429.61282,161.89647,117.56346,256.5809,67.71954,80.46826,12.022375,14.326508
-Ll6O1Drda67zTGbu6UM.-Ll6OKVLeAg2rdgD6T96.-M5zaM0PTAXQVioSLfCV,-1.1938773,3.1218066,-7.2856274,5.742745,13.028372,0.35459649562835693,-1.0030693,0.14918232,1706.8859183655204,-3633.0757806301117,1435.2844,717.44666,6170.5083,811.73804,719.8541,1071.1145,783.43097,990.9465,247.71054,302.85507
-Lhi_hQB4d9hP668bC18.-Lhi_pFqfsm7Fzt3bPH5.-LupzZvydrSXYKHVQ8Eg,1.128542,3.3878736,-5.648642,6.06752,11.716162,-0.421710729598999,-1.0368168,0.09975624,1625.2892190579964,3303.24951171875,1420.5276,1488.9661,4676.053,3161.4568,2678.8472,1812.8915,722.7161,1106.3105,613.33856,609.7138
-MIcBKOd_tnLAszxkFon.-MIcF3rnxjiXfDGpG75F.-MIcFM4EdLsacWPD-uHG,1.8408083,3.5705693,-5.1312575,9.566702,14.69796,0.1966313272714615,-0.5667715,0.14329553,779.8039956439743,3151.448974609375,1360.5542,1402.3905,3636.3408,725.0383,109.94285,357.97845,584.0181,650.8304,315.41687,280.20245
-NeMreqmG_AJT3wdYmIR.-NeMrl1wnG9vXRJZgzVd.-NiEchdDddeaVv7FcBPt,2.9274347,2.0738423,-0.84557676,8.827561,9.673138,0.30356544256210327,-0.46184134,0.47200775,659.2387130098683,3329.018325547377,772.1148,288.00507,1046.2024,146.52701,609.762,562.4122,307.2945,59.4208,219.57544,209.30708
-LkSxgdWu3mrv0klTuuT.-LkSxq8ao9-5yLS9f5xw.-MWhU1kFQADwQyz1Gk-i,0.8687384,3.5950708,-7.303366,7.765654,15.06902,-0.46710512042045593,-0.2201705,0.19644135,14.628236256738239,1027.6262384951115,2116.8174,790.6152,1821.8993,173.9041,285.95505,539.5372,205.43126,377.31412,98.49289,103.07166
-LeFwjQg8H2YmqKWub7l.-LeFwyQRrBy5fhb9uzcX.-LkbfMmWvIBhxYVXYUTT,-1.3506007,4.3187823,-10.24395,9.207139,19.451088,0.2932860851287842,-0.12062001,0.10224748,2033.6651076036985,-6415.471422870954,7655.659,5907.7876,5088.7734,5285.4634,3424.4277,4296.9644,3581.8833,2198.9915,3119.6755,755.2821
-Lt-HI_iromUqoW4jyVI.-Lt-HMzORExxRDS0XEND.-Lt-HV-gq83aQ1znCWL1,-1.0174836,0.4900172,-1.8351288,0.061844178,1.896973,0.278942734003067,-0.588372,0.05981198,483.90188198481593,-984.3070068359375,105.780945,82.853645,141.70288,256.27692,36.687,61.807648,30.87964,12.853555,13.008223,7.167092
-N3TKnmASS39_DJZaHma.-N3TNrRY-7i9dZsKTiNn.-NiZ5C4oQu0AO2-_l9Ht,-2.11669,4.3160343,-9.614441,9.822324,19.436764,0.565132200717926,-0.37894487,2.0732071,1786.2163779983123,-5393.8759765625,1172.9279,4982.8345,723.9358,2190.6414,1872.477,2885.0068,3016.0159,830.1437,473.08255,501.80328
-Lce6gHKpKbUcqGZBagp.-Lce6nPW9qm5UUnWvnCl.-Lce7c8HtfUBFaJVwHrw,0.12736814,3.078192,-4.189917,7.6366973,11.826614,0.7475666999816895,-0.3941989,0.20589936,-734.4859978201395,146.48094725608826,1130.0746,1459.1362,1525.2161,349.63437,107.74525,301.40024,204.11304,97.47254,35.83702,67.58473
-Lhi_hQB4d9hP668bC18.-Lhi_pFqfsm7Fzt3bPH5.-NJnbtHWdGPp28dDihqT,0.55596215,3.6426818,-8.655706,9.194928,17.850636,0.11367172002792358,0.38507748,0.25190058,912.4253870444419,748.99609375,908.6031,1008.8182,2324.6401,1613.0679,1131.3301,390.17035,391.80927,417.74338,478.467,199.08405
-LcjqIvLsiqKZ84kXkHZ.-LcjqWY0v91wuSHluWvt.-LcjqvBgz5bkqe3ztZRM,-0.6223222,3.3314643,-6.5265865,11.320105,17.846691,0.2719199061393738,0.26809597,0.75157094,-131.33672449583094,-1011.4110717773438,1343.8806,2040.1245,1162.3823,582.0918,1593.8564,822.316,717.80414,816.54645,921.8338,697.70245
-MkpYZNoG0-GJMy5ai3Z.-MkpaHP4B5ol9U55joHA.-MkpaMP4jcesqSEmQxlQ,1.994923,2.845257,-4.9978967,7.622064,12.619961,-0.08447299897670746,-0.7161081,0.18552095,1582.1334054351003,6467.469790152584,2482.0383,3051.3413,3083.423,1663.3242,761.61804,2894.5288,495.82034,1712.7823,460.73468,255.67592
-MrWMcBqkBqlw5NMQFkQ.-MrWMzdYx8o6uIfb6ulV.-N5iFcS5_LhOS9lGnfSg,2.5970783,3.544537,-4.5362687,10.767529,15.303797,-0.18367676436901093,-0.70316434,0.15650916,977.8986058867741,5046.74560546875,2605.0938,2137.456,2907.5525,993.93225,1171.0931,227.83788,399.53094,743.9661,665.6715,226.73383
-LoP315IYr8aUwaqQU3o.-LoP3NIJAn4J3PldoHHt.-LrwwOy6DtBZ3XLh5zfN,0.32373855,2.6020772,-5.2704406,5.83752,11.107961,-0.025584936141967773,-0.40927458,0.107919395,436.71960173143117,462.78900146484375,983.34357,1074.6661,1667.9357,885.5315,950.21497,226.33403,311.03555,274.02783,78.27153,124.24601
-MYcxMB6ca1sHkZqT4kc.-McSpJgZzpAPzm9HwoxG.-MedWzspS_ic1ceZDvg1,-0.21574143,1.9871061,-6.370258,3.160912,9.53117,-0.8595241904258728,0.8626118,0.09826636,863.4523190679481,-438.3662109375,927.7146,236.747,772.88654,1962.3253,1348.073,536.2933,478.77856,107.57262,651.42975,123.69163
-LxPzAAXRuoplPdr-PRR.-LxPyKw7jx3j1Fa7bodz.-Lx_jF32QqIO1QGF4FzE,-1.7636539,0.7629247,-3.2087634,-0.5225483,2.686215,-0.3581209182739258,-1.0601271,0.04905945,585.4282918128248,-1756.21142578125,442.41934,190.92029,128.01286,87.763985,110.58091,110.64631,52.118416,21.537695,60.636486,17.100796
-LjL053LDwz53ECJceWS.-Lo-r9zciba06Hi4D04j.-Lo-rL23RI781xQa0iZP,3.4141161,5.89378,-4.908773,14.220644,19.129417,0.23508049547672272,-1.3082099,0.179322,894.4277620564233,4391.961722373962,4455.8745,785.3887,922.5904,2447.7297,746.17706,444.02408,712.6357,246.78847,244.30273,266.53323
-LilnSmSyM-6usWD64ZZ.-LilnfIIotZ2luAuWpsh.-MIcmVBu775ECiHRIt-Q,0.49079287,2.83356,-7.8510633,6.772241,14.623304,-0.2786928415298462,0.18270159,0.39737755,469.97991366398224,1076.21923828125,979.6798,730.26117,1666.0048,781.53735,2515.6948,2280.16,910.34924,653.93097,962.19995,68.04858
-LsVlMLffp0SgAp0tEX8.-LsVpvvNc5iRCKfLMuPm.-MNS7vHnA-TfTVIiiMyk,-0.99506766,1.3014543,-3.296256,1.5672522,4.863508,0.05145962908864021,-1.0308032,0.06592816,1171.710124007909,-1809.9833929936092,1198.6467,190.50554,354.56168,712.5946,556.8053,322.20193,463.31192,29.835121,57.40879,79.84134
-LiRv59cby4dDJ4r2Pt8.-LiRvJW2y2opdZ5s36FC.-LtOVBXZ1M_-bIEQ4cEF,1.0142373,2.713686,-3.188741,5.029196,8.2179365,0.07114911824464798,-1.5516162,0.1150555,221.8153500749568,1217.3084819515545,351.1044,2208.9368,266.39978,127.13779,388.30533,128.32858,114.11403,46.194397,61.119923,34.35443
-LkSxgdWu3mrv0klTuuT.-LkSxq8ao9-5yLS9f5xw.-Mk6cmOYQRrPnxtQEp_k,0.60602343,2.643398,-3.898566,5.3317623,9.230329,0.2948093116283417,-1.2101005,0.1438132,624.1613622464798,847.0008544921875,928.10974,43.560806,2175.4414,598.2548,706.3852,309.9318,438.70166,220.32947,95.17671,28.673058
-LoTxlrxq8-eTqYk2dMN.-LoTyBmhWGibWHfUaf6I.-LtdZPwRFGfdGmqx17EZ,-0.41672084,1.0732108,-2.292535,1.9339743,4.226509,0.3256784677505493,-0.6822748,0.09400979,372.3327169624127,-307.2085876464844,396.13766,217.43704,288.8292,81.2852,107.00724,16.78414,48.99498,44.348972,36.098423,34.520206
-MB8yGXih5puJ_4PF_7d.-MB8zZ8aYX4Yf9ZylK1F.-MB8zvx4uupY5t9Z4-oQ,0.67948973,0.86122096,-0.66737187,2.386035,3.0534067,0.22766470909118652,-1.2113539,0.053496484,585.0568666577813,952.8087768554688,243.4923,172.8006,529.3795,355.74612,349.01013,283.56613,99.99951,51.910835,70.43083,29.38872
-MzU2dAulHjD_ihxpUok.-MzU2yBtb8dCbtCq_nlS.-MzU3MqCZtbFPR0dGqpa,1.7385331,1.2434164,-0.40289238,4.2148457,4.6177382,0.051756761968135834,-1.0148032,0.10714173,405.06686025893566,1369.418633967638,27.702824,134.03574,622.3608,210.46736,148.55702,30.660099,49.01253,10.039666,7.414589,49.96618
-N3T3J22UG6-6qz3L24S.-N5dwiCAH0-7NqeKdeRR.-N5dwpJZOd93c2cG8C6W,0.9240958,0.7527651,-0.76310277,2.117872,2.8809748,-0.5530192852020264,-0.5683975,0.06947288,314.58161985932185,676.3405151367188,114.04734,187.41556,10.79426,304.1207,66.4534,45.709194,40.947945,36.44296,25.253265,26.333166
-Leujocx_cjh-Ci6MrBu.-MHVHmFIrmK1XR8TJab3.-MUm4kdcEk-N5y3blPdO,1.6612295,2.1073027,-2.0151725,5.561533,7.5767055,0.00874632503837347,-1.1147752,0.118956566,1065.9945035809208,3003.9178382754326,659.3659,93.43875,2209.6182,1219.0311,237.92026,360.11728,99.33805,355.82596,158.3507,26.394857
-LhFWo4psMxNltfNkt3V.-LhFWuDai6yRoxydHy4g.-LrDYkwtjmbGE0aq1NCe,-0.44730708,0.65333575,-1.4102312,1.4089803,2.8192115,0.9292817711830139,0.37249494,0.05567676,507.375771996232,-506.2356998572747,224.27869,114.91753,223.02155,334.35223,28.082647,130.24931,130.95174,90.16757,51.07508,18.23362
-LsVlMLffp0SgAp0tEX8.-LsVpvvNc5iRCKfLMuPm.-LtxbbfnCNmt1Cec5vxl,-0.71601623,2.869768,-8.769714,5.317849,14.0875635,-0.3827214241027832,0.43152642,0.4389856,1317.0394970799318,-2672.22314453125,2571.9897,4191.362,3372.2837,2578.6223,1305.665,2079.1904,933.5385,1606.2683,790.075,338.9959
-LceeaNQDdA2VnD6w5EO.-Lcef20bdbEtbHh4IGqn.-LcefFbhQQQ9Zqu0k5rm,0.04441392,0.78592134,-1.7018269,1.4665452,3.1683722,-0.16116738319396973,-0.4010284,0.06268495,1402.1881363007317,25.852184953788917,225.97731,167.0448,130.97128,62.380737,26.000336,26.368414,4.485708,2.3662176,5.0262513,6.933891
-LkSxgdWu3mrv0klTuuT.-LkSxq8ao9-5yLS9f5xw.-MSbJyAjZFXrmpbOiDM2,1.0387466,3.2368145,-4.059062,8.075514,12.134576,0.29706043004989624,-1.0685624,0.21377921,214.16655335834918,826.07275390625,745.9374,1181.1782,878.11957,663.18304,225.62395,192.04364,152.75826,100.38514,84.26061,68.591034
-M-nSsF_i78yWKTU6Jpi.-M-nT7byCCsOazYBWWQx.-McIU1tK9jmQJmIyFShW,1.5638242,1.1194837,-0.7244477,4.0154953,4.739943,0.0673956423997879,-0.7347019,0.07648569,643.390724966051,1927.3350643912952,244.90121,745.2056,188.95029,405.4154,237.40572,93.20837,208.7745,52.056534,60.44756,56.304577
-NHOoZ70QpQM7um_M3XF.-NHOocjuVLo1SklXzyF1.-NJA2jTJXAoJv78LTKJm,-1.1665663,1.8686975,-4.3534408,1.594154,5.9475946,-0.23168592154979706,-1.377596,0.094861075,500.99864656834995,-1858.370807458957,399.93927,1799.3319,430.0222,661.07117,368.32297,345.65344,201.31262,243.10239,139.73143,128.43428
-LrhTcEHDBff6kjYtthz.-LrhTdwqpYuYhcu1SG4X.-NkPCi3WSajP6Y2cewHY,1.4506398,0.8246585,-0.41962552,2.6672242,3.0868497,-0.4522740840911865,-0.88816404,0.08315572,232.93798521659173,786.9497283498446,84.2894,221.96751,107.07622,173.46278,19.132223,34.328876,15.360898,11.068636,13.933394,9.770301
-LcZnAvU6dq4vFlRJeeM.-LcZnL-Cg1Ay0W4f28er.-LjKNRxPpAd350ZzVMXD,0.5941051,3.1647098,-5.164275,5.955457,11.119732,0.2865302562713623,-0.9367423,0.16815591,985.5197549113951,547.6447800795237,749.70166,1653.04,701.786,580.2501,176.78719,75.12893,84.00842,60.272945,70.01692,64.460526
-MQpp2oa66HBA2r-i-pc.-MQpqBEezefAjCE9rIB_.-MUD5gvtcVts1Fkuzxn3,-0.23721713,3.8205016,-7.5023313,13.807668,21.31,0.2783438563346863,0.09937358,0.8672924,2179.466528300484,-567.1448974609375,3033.0613,471.80374,4244.073,2457.0703,1576.7258,1540.8217,285.94086,872.82245,1142.3173,664.3253
-Lilua2XE74Z18rgZNVN.-Liluj98v9mvUJFCihVY.-LilvCJYFOxP8Yi0iZkh,-0.71212184,1.104675,-3.4207206,0.97477275,4.3954935,-0.8158964514732361,0.15144682,0.058979154,688.9817911014412,-1031.5280005832512,237.81664,611.84247,756.081,331.60284,268.51874,100.474525,135.70438,156.18509,168.73213,25.020489
-My6Kgg-RQTqS9QxmxCk.-My6KkmNUo31t9ZKnUG6.-MyvW7wllLM2jY-oeamY,-1.3074951,2.7655988,-6.4585967,4.1018014,10.560398,0.032562803477048874,-0.85956407,0.10730553,912.2497259805674,-2112.219223936399,1334.558,668.52026,2564.1787,700.8196,482.44058,510.82248,243.65797,265.76837,60.69973,113.29871
-M0WiPDmi5ngdcTCeNMT.-M0Wi_gTryY5ATjuTO6e.-M0WjWLPD5PVSxmBCgm8,1.1423281,3.1582613,-5.6911435,7.642293,13.333437,0.08484406024217606,-0.8455124,0.14014572,1285.7528049453686,3114.8751578728356,3843.664,1777.2075,2655.0073,1515.752,1855.0339,1973.9104,972.35455,674.7992,400.95868,487.57498
-NFx1p1XvkqbHUf9e00-.-NFx1tOYtcuravDf15ie.-NHU-LsPQZRXGXZPd3Ts,0.6033528,0.78188133,-1.013254,1.970648,2.983902,-0.42703697085380554,-0.80207634,0.052030295,738.9342311985231,716.3756787454089,350.69543,367.14072,304.18982,208.86757,152.63522,57.141167,82.88713,27.343843,24.296124,34.79201
-MvTDGRvKsfdLvkUh1-u.-MvTDLdTz5fyzdfcMokj.-MvTDS6jgfgLkNJJuWld,1.0846949,2.0821905,-3.1080945,4.3735094,7.4816036,-0.49120357632637024,-1.0709102,0.11717707,835.1790150855668,1960.7215340758364,1311.7808,975.3702,1498.4763,1166.0521,140.56464,455.30215,214.34424,553.0624,185.52553,279.7718
-LsVlMLffp0SgAp0tEX8.-LsVpvvNc5iRCKfLMuPm.-MQkU2_PBbcBbyAr7_HN,-2.2004135,4.7118926,-13.847036,4.893681,18.740717,-0.5061042308807373,-0.6537938,0.24252415,300.465896033935,-4232.990322907765,4901.2056,2416.8293,1094.81,2449.8196,673.87146,929.08276,765.1128,764.0123,521.2687,646.1387
-LsVlMLffp0SgAp0tEX8.-LsVpvvNc5iRCKfLMuPm.-M0vCk-VnOoQpZL3AsFd,-3.851631,5.463926,-12.094882,6.2534857,18.348368,0.39418911933898926,-1.2884537,0.15708506,1805.1281969587137,-13519.053532004356,6631.5063,1655.3871,7794.1875,6228.467,3140.7163,3694.55,2926.5054,1466.1259,791.41595,136.54459
-MmMfrxxmPDYB9YFZLl1.-MmMfzM5DZGM600rmMmi.-MmMg6JFNn1E9sGEkG6d,0.36380956,2.4951808,-4.6070395,4.8652005,9.47224,-0.030118918046355247,-0.75575066,0.348385,-63.663531025392444,302.37533764044446,949.5285,665.6569,303.46594,476.91708,464.89383,479.80472,194.90637,127.28164,46.89752,144.74365
-MLCPaVHke5WF47cCC4x.-MLCPgQ3s22FJfFDZztz.-M_PVMYVhAevX8fOki5-,0.2489781,1.6395907,-3.0286667,6.646389,9.6750555,0.26130402088165283,0.29755855,0.3497641,1040.743732985441,423.9737385908763,732.1785,433.5872,616.19946,814.44257,643.74243,870.98584,356.5581,77.82883,498.47263,352.76523
-LulMgWrSEzc4fC2FjwW.-LulMkmU5TSeAK41OQU9.-LulMr0MY25ubwPjQ5-e,1.5694643,1.7894685,-2.2284672,4.9528184,7.181286,-0.1311139464378357,-1.0287682,0.11751923,1264.6716138549878,3807.2798333403966,1124.2037,2037.4795,1162.3296,721.53436,237.7422,916.5588,476.31683,303.63348,257.97467,660.6123
-Lnuvxn94zzlvbR2fXoY.-LnuwT0P82kNj-2lSKoR.-LnvGiaqFwGl5N3TJh0w,0.42703962,1.430328,-2.4403207,3.3914452,5.831766,-0.24975714087486267,-0.69858265,0.075209275,-35.594903963288026,662.7018432617188,1279.3824,559.36346,121.37428,394.88492,194.79909,348.836,257.3433,215.23454,133.21213,152.21973
-LjZoU_G2B3YglO2xBaE.-LjZokWzH1DWEXx0L1a-.-LjZwpPzHRLG7e2Q_3rZ,3.125447,2.858764,-2.601995,8.229022,10.831017,-0.1368241310119629,-0.8348236,0.08388615,1309.7545343330314,9440.0078125,2789.6416,1254.3599,3348.1892,3140.2834,1601.6439,483.04443,661.9634,984.25775,1197.7894,438.75284
-NKw9Asu7GCLi0GaKhb5.-NKwBAhcudsOZY1xJlvf.-NKwBGTEyuOdUrPSqVpw,0.37828073,4.5154123,-11.537634,11.027403,22.565037,-0.5319653749465942,0.5603497,0.38412195,550.2355719677415,601.8781127929688,2015.931,1681.8563,2157.759,2850.1704,1137.4247,1304.0901,1063.5588,621.90436,531.074,399.07578
-M2884NgPeRfqT9yEIhG.-MzxwAMR8gH7K36hYh_U.-MzxwE_4SNzMX--Yd6U_,0.83370435,2.6848567,-5.21712,4.44892,9.66604,-0.601655900478363,-0.6520355,0.11384046,521.1218835331939,1329.2744140625,716.5823,691.78253,2517.3652,803.9451,695.45795,648.5613,94.35108,218.67067,298.1931,249.27019
-LeGC3EwPfb82NnUGMCl.-M9N9tvEz5XJvKf9pBur.-MDJx7Osd4usLbeUzpIu,1.1759595,2.3045838,-3.831221,4.939243,8.770464,-0.7572078108787537,-0.40052176,0.20262074,1035.3045428135283,2165.012662490209,1730.7981,2153.6262,802.0047,209.85223,357.8444,359.93338,89.19605,259.279,134.05072,173.74057
-NHTSIH6WGEuYYUbVYA2.-NHTSNphytM8wq_yQ1lp.-NRgfwGvpWWeuATCBn6i,-4.010795,4.7900043,-13.914446,7.845832,21.760277,0.03252872824668884,-0.29499793,0.20814812,1578.534341012625,-9620.32106479009,5553.0303,1688.5046,867.67377,3666.0366,3227.254,993.89545,1300.332,944.9692,941.59045,1064.5635
-NFSg7IgTriGuVVXfYjx.-NFSgKAowvGuO-2JiHyP.-NIfwAmDExY8UKL1HJRq,3.942125,2.459363,0.3132122,9.611458,9.298245,0.600044846534729,-0.64657235,0.14990902,399.3769864507323,3118.28007876873,533.7823,359.13544,1145.7662,295.56912,227.11092,70.39316,67.676994,59.64367,71.452194,71.53226
-LjVNF11pOp5nOvINxrS.-LjVNZ8Q8Nrw3cL1TRG7.-LjVNw4r1Ku4X7u3j9X_,-1.8578233,5.680242,-21.1948,7.5019183,28.696718,-0.9883132576942444,1.3192215,0.18736601,5211.0505219732,-10385.2744140625,5958.7397,7194.01,14426.489,8930.203,5401.6294,6393.5576,1393.0432,3280.493,3181.2307,3002.4036
-Lhi_hQB4d9hP668bC18.-Lhi_pFqfsm7Fzt3bPH5.-MVz0peR7TpWA_mHtoFC,-2.3134513,5.9596167,-12.350049,8.927521,21.277569,0.16861794888973236,-1.123855,0.1232152,1928.2300156172132,-4810.67529296875,6882.2373,2352.6392,2411.9985,3815.2075,766.8595,1027.5015,1067.3636,460.17664,395.78604,485.03912
-MLHXDQ2BX7xY0GEal8T.-MLHXluRZevq2K-wq4OH.-N2uWfxapahbEjjkwaCt,1.6458688,1.762315,-2.5155156,4.4511266,6.9666424,-0.765595555305481,-0.14119077,0.09371388,489.41850596273696,1969.506591796875,363.00555,885.6532,816.89636,635.8556,387.59824,156.21872,190.92067,143.4555,36.694,59.442074
-Lhi_hQB4d9hP668bC18.-Lhi_pFqfsm7Fzt3bPH5.-Lhia9CuQtfY5ulaEURn,-0.47997227,2.7105856,-3.9174032,7.0912704,11.008674,0.9316834807395935,0.017354488,0.0861671,2823.3847492524933,-1478.854248046875,1556.899,1270.795,3310.5059,3299.0337,2185.916,694.44434,1390.7047,219.86914,176.44539,668.12695
-Nh5b-fGAFcLuoFanTnN.-Nh5b6CH4s2mGtf2n5yx.-NjC20O87-z9x1HPK4Ee,-0.7932307,3.4553974,-6.9028,6.67387,13.57667,0.6358519196510315,-0.30042028,0.27912772,501.3258026854428,-1259.3411865234375,2926.9229,670.4202,547.459,742.3979,1450.3799,1447.9823,816.7829,122.993996,172.42163,245.20644
-LiRv59cby4dDJ4r2Pt8.-M-hzccCF-S-YfW3Kznz.-MHtl934jaxrL1smCkT8,0.038217478,2.2833383,-4.875097,3.949833,8.82493,-0.28200432658195496,-0.7923267,0.11406326,-1714.5519064133318,58.194175720214844,1466.533,1586.7804,469.77548,928.0498,363.1026,240.63069,36.764877,172.37912,150.78845,75.73871
-LcfARU6yMZ2m2s6CoLf.-LhiLyo332AVoAFcUndg.-LkXxJcfYSmFUTahJ-Of,1.6621952,0.36635345,1.0080702,2.5671058,1.5590355,0.433315634727478,-0.5826781,0.047920585,423.7068923931089,1357.6997211575508,36.697166,111.159355,117.73083,87.37821,38.704594,69.72798,20.66773,37.063145,12.265556,16.685532
-NXip5uLFDiw_U3II61c.-NXipJsSron0avRS_Uiz.-Nq1pRPj0EnRRBI8APqs,1.0359093,0.6464216,-1.3217869,2.3305173,3.6523042,-0.6014645099639893,1.8011732,0.10963611,421.91516997434525,807.4089929585656,131.57935,142.69809,124.733345,212.47203,38.436127,125.43677,48.036594,51.15664,30.778282,51.940765
-Mxn0bJrVlvmgIvfLv1k.-NHYWSPKw0C0TByxUbQX.-NHYWWaWq3LSY221Cn2T,-0.109187014,0.43756986,-1.0532736,0.7021957,1.7554693,-0.22782912850379944,-0.4756286,0.099616006,65.84372662732217,-31.5383358001709,10.037547,54.461662,17.95564,62.464073,11.63341,6.211161,4.151488,7.8775845,3.085714,7.2979975
-NOJLSbEUK8-kwpgRLMv.-NOJL_OgEmxUqIM6d_Ow.-NOJMjLPuKRcfnIx0Cey,1.5639205,1.5356157,-0.029039204,5.9273896,5.956429,1.3373103141784668,1.1127725,0.16211712,619.9548304960789,1483.600494980812,757.6616,318.17853,434.03976,381.1335,154.32373,94.481834,63.11748,59.394554,75.30995,37.209732
-MROkmsNd4l5fOTJ9PT-.-MROktPij37cL2mmx0zn.-MROlBaxvwXcXfr0bMY2,1.1528172,3.6764855,-5.2233744,8.51967,13.743044,-0.02868577465415001,-1.1237215,0.11454338,1105.101887389096,2852.37255859375,1631.3894,1832.5597,5413.3765,1151.9703,1509.73,574.33545,630.4948,367.06598,882.5781,313.94745
-LnH1N3IYRL8jPBtFHFe.-LnH1ShwZauRHPE9Ff0P.-LoyfCj21pB04oiXwOSl,-0.5265159,1.0774542,-2.67371,2.5898805,5.263591,0.5320625305175781,0.1950841,0.06402576,1027.96328790663,-878.1297449568907,605.1346,352.0866,757.2854,614.0178,312.08313,93.30729,39.10274,144.14659,94.22398,61.950935
-LhASzQAqo2sGG-sBOiL.-LhASnaWOec6VOjFXF1i.-LhATUVYJmDQy97QjrZ_,2.1303205,4.672645,-13.185588,10.322343,23.50793,-0.3416597545146942,-0.46346903,1.5182781,1748.500445954992,5396.90625,2655.5837,5782.627,1822.9531,2936.3582,2422.9292,977.2513,1285.2322,1459.2552,582.73236,567.54144
-LoP7_n5ROEawdOTAeDN.-LoP7y1mZ9A1bOMfEnJ1.-MiV56ncYj8WVq_fvE0p,4.6339436,2.4433985,0.35129434,11.383029,11.031734,0.6494792699813843,0.26545215,0.14952612,651.838231871613,6232.063948750496,1281.5245,751.41876,1403.42,788.7883,448.05606,87.47881,197.37349,405.9625,294.31235,171.4507
-LiMpCaA24H9MjEXOVk0.-LiMpKyjdotKO7FGl0BA.-LjQN_FeaGRUswE6xy3j,0.19300655,1.2682056,-2.003917,3.1560645,5.1599817,0.16113343834877014,-0.6899555,0.10426149,39.101652573474425,405.39008548731607,1154.6593,313.48776,733.8103,976.60297,560.53516,267.63638,139.30548,188.43135,331.64777,92.580414
-LrIRVq3IK3HG10yEBuK.-LrISdQltvo9B1C3m_ci.-M50uxQGqzfn51-HobD3,0.21534064,6.1151724,-12.903218,11.362176,24.265394,-0.30073243379592896,-0.59569025,0.56015205,863.6459598708979,255.44313442707062,2379.8303,743.65454,4092.5942,1069.4115,592.2782,1301.6915,652.8962,438.12177,729.957,165.53946
-LvjZeYpMfJ_VrisSvqG.-LvjZiM5nTzgJAIO9ain.-LvjZpOhQr-t2cM_bqYf,0.004567756,3.5809014,-9.733405,5.5788198,15.312225,-0.6127264499664307,-0.27792025,0.28540358,32328.486720901034,7.1973676681518555,1617.8313,3282.7139,3482.6355,1469.8901,2529.2886,998.71844,866.3549,920.69904,732.87506,1113.0751
-NJj4eDB8VNWex9Rvbz0.-NJj4k1eHyeycR3iiG5W.-NWCBXboFim3tQGD3-Rf,-1.1338081,1.2772728,-4.011855,3.590288,7.6021433,0.18435129523277283,0.5493686,0.39461875,337.9147610632593,-1016.8328483899435,518.3532,130.01743,286.03577,104.34813,407.75793,162.07657,59.618156,117.83092,124.43591,116.038315
-LhoU4seL8pPSnfenVfr.-LhoU_pZ8fvEI7Ju0Hr1.-LjVXZQ5hPjYYj9wE-ta,0.6470936,4.1670256,-12.526625,10.04933,22.575954,-0.31090015172958374,0.17055011,0.47299862,1289.0968420854435,1602.46875,3895.4272,3477.5222,3436.4683,2824.3557,1118.7085,1496.1346,378.06686,836.2699,336.15997,252.48273
-N5d_LUdJ-hfOFnKJVBx.-N5d_PTPhQIbpQFLvMEf.-NC-IYWSECC4ygAhSaul,1.1463107,1.4216402,-1.1501987,4.1260333,5.276232,0.4813091456890106,-0.75071,0.065288216,513.7835932644757,1691.018798828125,722.03754,206.5142,848.43225,832.60486,206.51587,314.26904,181.74045,189.55013,32.651775,6.631608
-NeNVoKA47yuigx02deW.-NeNVs3WG1gB0umir5kt.-NeNW8qDVA_ONfq0mM7L,-0.0370958,0.6090667,-1.2818124,1.1715955,2.4534078,0.06388437747955322,-0.7690785,0.08491486,2361.886147256955,-34.97196578979492,135.65314,131.6161,341.1058,39.675957,60.29355,40.56533,52.961105,12.75693,14.369876,13.7780075
-Mbeflxb6jaaHQtkASWG.-MbegFpT9gsLcI3vg0fr.-MbeppE3ejK80EY_mz1X,-0.80792445,1.8181239,-4.5701327,2.052434,6.6225667,-0.2120475322008133,-1.061409,0.09085697,940.1208752747622,-1348.185791015625,667.1123,935.3885,1649.6808,18.416979,620.0603,188.33784,122.00959,184.58386,187.69778,70.34606
-MJB4GdKwPjYzk2Jc6BO.-MJB4SEPgZJWGvv-xsDg.-MR3yhz2ilr2-ZYeT-FU,-1.184114,2.2474263,-5.1865554,4.7169495,9.903505,0.7865668535232544,0.28283906,0.100619316,781.2268217648698,-1734.299853960673,1243.6002,801.34686,1537.5255,216.16634,768.8362,337.55612,48.291317,85.66078,147.51097,189.63489
-Li78_-q6o1fQuak5tjs.-Li792Lr928udbQJoVff.-N0F-p95Pq0gt2zzAESQ,-0.6808651,2.6731534,-8.247792,3.49123,11.739022,-0.7089404463768005,-0.10709882,0.2722466,-221.43042532546716,-1788.897216796875,3257.6145,1127.0281,1997.4662,1430.6284,1245.2007,1230.5912,1054.7684,630.82306,1093.1152,204.0009
-Lht2eTXnmfpJmP58xnY.-MlP5qcZxRrE22TF4Ibj.-MnZjqVS7Zr1qBSx4xBL,-0.5582247,1.9945071,-5.7945466,3.4514835,9.24603,-0.20110371708869934,-0.1620512,0.12621433,845.2133274704837,-1064.034912109375,183.47484,248.14037,1854.3364,619.3524,765.5009,1260.1284,897.9757,152.47966,287.1589,2.224491
-LkSxgdWu3mrv0klTuuT.-LkSxq8ao9-5yLS9f5xw.-LwCccVrgNHLfiTlGrWx,0.9199932,3.9967499,-4.939834,13.22707,18.166904,1.0859757661819458,0.93171597,0.44755173,33.58866269380283,594.114990234375,550.8503,1268.2834,925.2594,184.8907,470.2094,442.2305,150.78928,163.21411,92.235275,148.7067
-LqAlBMdW0SudzsLML2z.-LqAlFESFzQexx-7wZi5.-MQl-6q3cGoJljggYSi4,0.12225557,3.2037566,-7.6283717,7.054991,14.683363,-0.11233638972043991,-0.4870844,0.39950556,-84.58363213442874,331.3728543122609,1293.3385,1718.2278,3660.768,2628.4556,2097.0938,451.08673,925.7508,1284.3528,394.78214,816.0555
-LlBRVz1-5Dt64hgKO-a.-LlBRbU8aU5wql2rEKoU.-LnHaYGYrsSkECV-ocKb,-1.4507807,1.2487913,-4.6934323,1.1896145,5.883047,-0.18374836444854736,-0.43499374,0.08294976,608.7713831595244,-2101.8579426606498,1066.8706,103.34008,91.46884,306.20547,171.21275,300.83264,241.47583,323.11176,186.63148,176.89569
-MLCPaVHke5WF47cCC4x.-MLCPgQ3s22FJfFDZztz.-MLCQFZjsOviv_dVBAgD,0.18466218,1.5070612,-4.160198,3.0126147,7.172813,-0.7892265319824219,0.7504239,0.09352082,2409.762208592676,486.0064697265625,1259.9263,1107.6613,546.64294,844.40845,1374.5195,1215.8147,365.82507,57.450733,188.20985,382.2018
-MuAqx45uCQkH_vnztE4.-MuAr52pwpQ2YYaU0Yju.-MwBPGDv2aYbIEeZjZcY,-0.36106166,1.9763716,-3.1838043,3.2163608,6.400165,0.3725569546222687,-1.3138201,0.13074312,531.9417930663607,-521.6246337890625,356.85648,282.70407,1748.0521,533.6795,97.47973,182.62993,621.0197,83.03003,178.58736,145.04546
-LimCEPj4cm8u6UaR3tY.-LimCJq_owsUDVdRu8Y8.-NEA1TjoS-5m_ZzUVi3N,1.6103537,0.81314385,-0.18533576,3.4106975,3.596033,0.13063612580299377,-0.5629523,0.06694424,472.30117733750035,1459.7880383729935,100.09039,388.19604,258.99252,124.76847,113.92071,54.72203,28.244476,89.05009,21.258812,21.119621
-LhoU4seL8pPSnfenVfr.-LhoU_pZ8fvEI7Ju0Hr1.-LkYki_aduLLNXtFNg5N,-0.32353005,6.802384,-20.55095,10.223497,30.774446,-1.2467108964920044,1.0957932,0.42086726,-736.5167058378898,-848.2948815027872,7430.82,7573.86,4723.2676,2740.182,2772.613,1855.0702,1937.186,855.17816,646.36414,1398.6094
-NAi-ThvNzSqqN1KzvCA.-NAi-hXIIrsaDyVp03yw.-NAi-ktVAGB7cl-x_AMr,3.7578397,3.2780366,-2.7043638,9.436606,12.14097,-0.2587347626686096,-1.1523116,0.16121739,699.1242685327526,5606.831345597903,153.96419,797.03406,579.33527,3003.7065,1146.7213,509.25403,226.84285,318.23102,79.736115,195.19191
-LiwBy8_gwK2dqZULgoM.-LiwC3rnu9aohR3JDpNu.-LiwCCd6npIWVH6oz5YB,1.1849527,4.1996064,-8.812345,8.31159,17.123936,-0.598122775554657,-0.6050558,0.114748,-422.0369385589102,2689.771240234375,4622.202,2920.3257,2911.1255,1428.2317,1125.5946,1504.0067,815.96625,364.95346,438.29004,164.19298
-LuX9kwmV6pnBd40J7DJ.-NYXNlbbSmtff07I1-JS.-NazwfulhMu6my15Cp7Z,0.7095992,0.7848802,-0.49898878,2.0433047,2.5422935,0.23244740068912506,-1.3704741,0.044873178,476.14831576735213,683.8232421875,75.48933,156.38177,482.55145,91.79542,70.76533,53.876797,40.70221,18.249338,38.55186,25.04924
-Lim3WQ1HgxKNt2gv-gq.-Lim4Dw3Qcgfi3SUInGM.-LsWUf9m-4mIEGZjxTU_,-0.106955834,0.4922466,-1.5778387,0.5898888,2.1677275,-0.8446582555770874,0.39480138,0.048571527,555.5321138139907,-99.19621455172698,220.79573,150.87245,88.19433,50.516197,99.81816,67.47721,68.731606,24.727943,22.558945,5.761429
-Mk6F7_DicTF4xbi_qpF.-N41R1sodFBjiZniLOj6.-NXncxMtwuI5C_S94Xaj,-0.18239565,2.4492147,-4.5214233,5.011981,9.533404,0.15218485891819,-0.88760996,0.19028457,-822.0644779982924,-261.15296298265457,692.9975,531.52594,1718.4554,775.5913,1229.7761,165.70432,315.13843,461.12076,139.41176,146.83894
-Lj05UYLkSonQt85UEuW.-Lj05f_9SpAB40o-2H5p.-Lj05q-qj_Um8SkPf4G-,-2.2628548,3.6400032,-9.250722,5.884271,15.134993,0.29193511605262756,-0.370126,0.3192997,346.2351038173048,-1365.310994029045,452.73944,578.5736,1263.405,338.40515,217.48965,179.99817,231.41728,139.5679,36.389523,139.17122
-Lhi_hQB4d9hP668bC18.-Lhi_pFqfsm7Fzt3bPH5.-LsQTdKyg0LUHWTcdHOi,0.45937926,1.9472284,-3.3569305,5.547725,8.904655,0.5835889577865601,0.03466916,0.07622242,1968.3780939697533,1280.722900390625,944.0514,1944.487,1906.0168,774.10754,1676.0048,637.65314,1048.6327,600.6223,561.3902,361.81757
-LnvJOiOC0hyFobuXd5Z.-LnvJXkkLJXEjgCjvJG8.-Lp2-fRkQZLfpERiPP6s,1.6843611,3.197722,-7.2747545,5.998727,13.273481,-1.0542376041412354,0.4806149,0.33461428,820.0173458879243,2045.059960047404,1330.946,812.15375,2083.0588,341.27902,52.967625,653.3511,166.18883,148.24232,241.60294,116.63344
-LpgHNP8uWIJuwB74dfp.-LpgHRFa4OU641lreJC1.-LpgHtF0RO2iOwNPT4iz,1.0291245,1.3925794,-1.059184,3.7111168,4.770301,0.22357727587223053,-1.2607865,0.08907312,462.8795280519895,1108.9752290546894,576.3639,401.77997,592.0668,455.45816,165.8288,21.645311,48.904053,153.45813,34.579132,87.7353
-Leujocx_cjh-Ci6MrBu.-NLUo7sNx6hp4uSLWSwI.-NqWPpeAPKv2Z3m8rhyQ,1.8837317,1.9080782,-0.46481165,8.968332,9.433144,1.9630553722381592,4.459612,0.17648935,667.0403774908697,2238.84716796875,539.7533,1048.4655,390.83853,643.6922,483.80936,356.7843,313.04474,207.69519,233.34978,123.97764
-LeuS5h2wK5wNyGoBToE.-LeuSM4taPd-tMJoopTO.-LwXeHvsEeoxz_X-GIkc,-1.7946635,1.4719583,-5.6595573,0.2749571,5.9345145,-0.6686916351318359,-0.15098763,0.14021337,303.3789692535136,-1093.7203960418701,394.94513,66.737915,404.82483,216.30435,150.02519,36.991703,19.529682,67.3536,37.63673,43.160164
-NZ_B2J9-orCHk8M2Xa6.-NZ_B8UjIpc975ne1QSj.-NjMDvicHQyFrFAsdnC3,-0.33920005,3.2136042,-5.973906,5.8627625,11.836668,0.13065923750400543,-1.003916,0.122971535,-1661.5747351653624,-579.9818874200186,3013.37,841.1761,1281.8966,1695.8173,431.61642,568.43567,163.28835,100.88053,86.07788,173.54796
-LhKVtvaBGb1puFWOmgR.-LhKW39s7wkxN44JF0MW.-M8FGBGSWmYSMXg0JK_R,0.11619364,5.59714,-15.359318,10.715925,26.075243,-0.2307429313659668,-0.13217473,0.22064257,-4334.277904283113,257.732666015625,1656.3667,3078.4272,6547.6533,2734.0144,3613.1538,1710.8396,1468.8547,985.4056,487.43143,370.69144
-MCLIFBZ87B9eNQwyK2E.-MCLJCVoDNJ-cwrwF1Mp.-MCLJh8PVPZrw2g25I6f,-4.424225,5.564983,-12.880016,8.044245,20.924261,0.4633874297142029,-0.9493716,0.40245885,777.7000072577792,-8070.352785110474,5280.625,1174.9366,2870.5808,2716.055,1336.1906,1749.7427,629.2076,161.36813,249.98485,237.36732
-N2G3mwfk2QeYyG_USF-.-N2G4IwneT7xXQ02H6xr.-N2G4OS5GJjHW7WZ94rJ,1.5925492,2.2582595,-3.382403,6.767278,10.149681,0.12905989587306976,-0.050942898,0.11602867,353.2504334762647,1888.39013671875,1118.1738,756.8446,984.3717,425.03107,722.0019,159.82814,139.76292,161.63783,65.98563,28.645279
-Lsulqs6JeWOd9vlQVWT.-LsumZIoNLI3HOq_QhI2.-LyhlNVbuBGOhAUnev5L,0.31589538,1.2619517,-2.5432708,2.5267682,5.070039,-0.3474924564361572,-0.6127486,0.06343095,-12.421865000956712,389.6406729519367,814.5697,209.12628,343.47568,565.5872,68.712616,105.18865,63.93304,116.476295,105.83159,39.51805
-LeFwjQg8H2YmqKWub7l.-LeFwyQRrBy5fhb9uzcX.-LodEVz_oF6Ge96Pa525,0.16887015,2.9729044,-9.109579,5.3500624,14.459641,-0.9747574329376221,0.9142654,0.13053417,1158.6644246359858,288.5959455172221,1537.6489,730.70715,1988.161,1949.1234,1193.5227,890.86896,169.40125,368.35898,101.21363,304.2195
-NZ_B2J9-orCHk8M2Xa6.-NZ_B8UjIpc975ne1QSj.-NZ_BEpktCqXB81AeAA9,1.8429438,1.867597,-2.065925,5.387264,7.453189,0.023864317685365677,-1.0815231,0.09763181,820.5357992769766,2783.272216796875,385.83133,452.3277,1388.4623,1072.558,455.76083,445.83502,241.025,19.448666,76.09779,127.37259
-N2L5E4vNd0BYiMZcEJi.-N8XaZmEkTa64ZLUpWw-.-NFraJBe1h8Xd5Ct2A9q,0.051616963,1.9434093,-4.013784,3.5578656,7.5716496,-0.03241586685180664,-0.84059453,0.1467328,2462.7887621204495,71.41062524914742,970.211,345.38193,1557.6406,59.632984,248.02454,86.555916,128.62022,161.76208,138.37657,113.50454
-M-t9P87SNSbooS65K3L.-M-t8UvXwo9AoC5O36Pt.-M-t8jyBMV0jpM2vpm4I,-1.2625735,0.797402,-2.4622118,1.0886576,3.5508695,0.9009441137313843,0.68476915,0.06379974,741.4048271095553,-1710.4960931440194,334.16153,415.43948,346.9112,270.20996,90.01805,262.68674,87.466286,84.80059,73.31358,17.85213
-LeGC3EwPfb82NnUGMCl.-M9N9tvEz5XJvKf9pBur.-MZHrK05vPmkQh-aGSbY,3.2702649,3.7974834,-4.5087104,10.527297,15.036007,-0.2941257953643799,-0.2380383,0.3373537,511.6320210379559,4110.049013853073,2264.009,1058.9172,1823.825,1083.6162,84.32896,230.0612,599.84875,225.12448,69.45655,378.23688
-LiHdzI8lpqzkkuRhCf4.-LiHeFL-BtOWv8dfGtAP.-N6v_BEhpRFCjA47J4Ka,-0.91260004,0.67926234,-2.6754456,0.31538433,2.99083,-0.27685973048210144,-0.11901426,0.046318054,514.4020939707673,-814.8595991979042,251.83495,136.58566,242.46834,151.81195,111.50309,66.580925,13.532784,14.781704,22.235956,29.217958
-LsVlMLffp0SgAp0tEX8.-LsVpvvNc5iRCKfLMuPm.-LuBk1PEjNv4q-uM1ek9,-0.7585062,2.885706,-6.273696,7.015879,13.289576,0.4022928774356842,-0.21555018,0.19743514,1881.340754180563,-2456.097547928492,4589.2188,1739.8883,2771.093,336.33597,2982.4648,140.93219,1221.4291,429.0732,559.0086,625.23596
-LimCEPj4cm8u6UaR3tY.-LimCJq_owsUDVdRu8Y8.-NopxLCsv4o6cl-jEspJ,0.29805437,0.6725819,-0.8143608,1.6857975,2.5001583,0.20192129909992218,-0.7528677,0.050569147,797.6967868909745,332.058837890625,387.23654,86.02349,300.4875,90.75825,58.19084,79.05011,104.88004,32.012802,22.911139,16.820799
-LceKoJLHb8IoImrI10u.-LceLGShBo4OlOGC-9af.-Lj-knC_s5s3ntlsjFBt,1.0809411,2.6732566,-6.214793,7.435542,13.650335,-0.5536424517631531,1.1287031,0.17368907,1110.1958787473434,1643.2579674882193,1507.4026,972.595,1090.9113,1652.7274,669.46564,425.30997,403.58932,346.4533,318.1421,200.73141
-MrvB23uSUAm-tDe6PEt.-MrvBXzYZhAbG36OawCY.-MrvBd4VK403Y1i_KOFE,-1.0030884,1.8919079,-4.5407543,2.706976,7.2477303,-0.10030540823936462,-0.7468009,0.1732106,419.1802234928684,-737.279505421718,197.19684,404.83105,733.9776,240.58607,351.21054,74.3357,135.96474,110.73722,64.10249,49.408047
-N5o6OG-NaXWj3XK1OVn.-N5o6SnZ2XDQDoh2sBdW.-N9p2ft_azp50hV0M-r1,1.427486,6.0141754,-8.550037,13.264593,21.81463,-0.048599038273096085,-0.8580837,0.19228458,407.6592309194481,1347.4992309411366,3652.2495,890.0953,1057.9412,732.50366,270.6538,99.94517,112.17967,103.01591,83.74425,45.648834
-LsLbFK721gf1RBem3pf.-LsLcp93s-jEo_8rd5CK.-LsLcwNrCq6J6CO-p7KJ,-0.7736037,0.6046819,-2.0178242,0.48336717,2.5011914,0.088405080139637,-0.743881,0.04922767,641.576382368982,-1050.97705078125,243.78224,93.54626,386.67715,165.2703,223.44794,4.576572,68.818275,89.6877,118.05953,64.58032
-MROkmsNd4l5fOTJ9PT-.-MROktPij37cL2mmx0zn.-McNzayspokGdxjYOBJx,-0.20062762,1.5129725,-2.681249,2.1528692,4.834118,-0.01973770186305046,-1.2323095,0.059151113,1925.336369545231,-257.43704124291736,1256.0431,112.16441,286.01343,356.10104,116.23598,256.09134,109.443,123.92262,59.2089,62.826366
-M35rpcnqO-CvrquEW4i.-M35s6FyCzBr7tqbBZ2X.-M4OLCf-cH5S2B90FwVr,-0.0126844365,2.8032043,-5.974322,5.2095337,11.183855,0.07347580045461655,-0.6237941,0.11987245,-5077.255351878501,-28.896149481336277,1211.9546,1445.3422,3054.5725,1940.5675,1457.9596,1348.4484,340.88544,688.0173,744.36145,156.54915
-LsWJuax-qWwn69iUQhF.-LsWNOaP5vt7JtZdFI4o.-LtU8aK0e17PCvo0MQgr,-0.52860814,1.9996241,-3.7957172,5.1334424,8.929159,0.789207935333252,0.4954219,0.18446457,756.7930481591344,-400.3820495208104,815.2746,584.55804,241.14972,85.51601,194.54144,109.01203,105.27392,101.21115,57.491024,12.37859
-NPWUIACdTwIvrDgwDhk.-NPWUTvWfyoQtbaQftYL.-NPWUlBxfdQRSmjhlrhP,1.1512893,1.7906439,-3.8313599,4.717353,8.548713,-0.2733331620693207,0.5056417,0.10046023,858.2280811001644,1871.884765625,335.95694,642.60596,1381.9341,1178.3073,405.58966,428.59503,115.49051,148.58604,121.712875,78.82582
-Ll0PgwJ482RpHKPZiP3.-MUrcCjUEtwQ-lVQPcJs.-N8XM7qqTuuobiCEAj-n,0.4491606,1.7580324,-2.4881287,4.6288214,7.11695,0.15243834257125854,-0.75286007,0.11495721,1864.9716964884726,1138.1718578338623,1110.9325,1030.5377,1753.3004,1099.5769,1512.9377,522.5365,308.70837,188.35832,65.29853,450.52423
-MVLAZZVGNazSaUvY6qv.-MeUIed6c2tC0rdWtf6j.-MeUIw9rRxt0MuiZOC9X,-0.31073153,2.9477406,-5.623765,6.033517,11.657282,0.5931258797645569,-0.44969296,0.11903775,698.5574015751985,-847.43017578125,1762.5339,515.85583,3316.9678,3127.7556,2303.7866,1264.0026,825.906,71.79655,341.24493,407.3044
-M2gsMSjgBDeZhPiRGCs.-M2gvlsMeunFdl3nlgzR.-M699-VuZbBLfHZjvr4g,-0.43631247,4.9351087,-9.114043,10.893199,20.007242,0.269038587808609,-0.83380985,0.4859057,617.4737141154,-1305.001708984375,3183.936,2799.9521,7157.277,2651.6458,3482.967,2374.309,1729.8999,424.25595,1940.0957,1535.711
-N4WKhmuFN9tajuSVtPb.-N4WKml4LUIM37_Fc7vg.-N6C52W3Olf67V3GpaHI,5.073279,2.2482133,0.9565386,11.148261,10.191723,0.8163520097732544,0.79437184,0.14005375,348.9295990124548,3621.806396484375,644.52454,609.559,619.2103,270.20728,81.1861,111.59286,73.90185,135.76054,16.399532,52.79594
-NHTSIH6WGEuYYUbVYA2.-NHTSNphytM8wq_yQ1lp.-N_h9tEgZxrpWIygVIv4,-1.5959618,4.5973735,-11.008362,11.455326,22.463688,0.5319822430610657,-0.049655437,0.5324788,289.73405099609886,-3909.312245865663,2771.968,1106.3135,3414.3398,5276.2944,1301.8317,2451.756,592.2326,969.6496,1044.0892,1238.4579
-Lht2eTXnmfpJmP58xnY.-Lht5kX1F8HLIO_XlCaJ.-Lht69WJSJvnxrrF6S5r,-3.3952086,2.3273792,-7.348576,0.94519645,8.293773,-0.02324102818965912,-1.1276467,0.10407424,794.2547372392935,-4807.330078125,543.0132,1440.7441,1351.8323,450.9867,300.6235,852.3595,274.8666,270.64563,78.1276,76.62774
-Ll6O1Drda67zTGbu6UM.-Ll6OKVLeAg2rdgD6T96.-LnRFwV-Xu0bWynzYHNc,-1.6289062,3.1029875,-9.273066,4.9670115,14.240077,-0.0035882319789379835,-0.43981004,0.43123126,1971.3732631806772,-7018.022582689921,2316.1545,2652.5781,3671.193,6118.5796,3034.2332,2363.6772,837.45447,1011.68805,771.99176,1173.8171
-M77E9GmMP_x69tZBC53.-M77FOIJh4okcvlA-yMP.-M77Fjnr7-lwI8uZ-MGJ,0.4343425,1.0553107,-1.5835539,2.7794864,4.3630404,0.22485122084617615,-0.43531656,0.059650123,336.38324815163975,445.80832890669507,376.58466,94.55743,630.6368,67.7704,93.61747,123.34335,55.923634,27.727766,13.887679,22.848629
-LjFjYM0cNHLWyTLdPiL.-LjFk5YStuJwLI4Bz11C.-LvtbHWn5KDuLl6Fp-Xc,0.9261181,0.85975575,-0.14483342,3.2410672,3.3859005,1.0604255199432373,0.2799852,0.052698404,355.7471840441741,666.3539428710938,273.19168,277.7138,72.27506,141.85104,31.29317,84.055084,9.1661415,71.39705,2.6960282,35.963963
-MnyeTyNHSzHjQzXaV-S.-MnyecqEVayWLBiTCwY2.-N-S6Cs4Z9Kag0vM4vhU,-0.9624841,3.8849735,-10.154423,10.374247,20.52867,0.05605156347155571,-0.44872022,0.38684797,2402.507454448042,-2691.96240234375,1284.9933,1337.5565,2824.9697,4406.4033,3610.3545,1989.0487,2109.393,1755.4185,527.53754,1250.2129
-Lc_d-g4yyU44NLZYjLv.-Lc_dR6iUjsYfyL3NJc5.-MrQp4RRJqAKXuBBzdcb,-0.29719767,3.2046318,-5.710537,5.9770236,11.687561,0.2609100937843323,-0.9301405,0.2843827,817.4533379336266,-307.6935729980469,968.98016,268.12634,1893.5565,402.82983,408.00415,285.21686,482.4314,405.0266,254.14386,171.63457
-LrrNay2wBPa2vx0qmAa.-LrrOY_sRzPUPkCxTVuZ.-LrrOfp9LyGaCWnGpN4m,0.7890875,1.3207316,-1.6392626,2.8097365,4.448999,-0.3653635084629059,-1.2183428,0.07927567,352.4407882404483,590.9777221679688,638.4924,191.36874,54.066753,176.28568,69.43425,31.17087,10.234486,19.957188,12.25707,10.061453
-M-nSsF_i78yWKTU6Jpi.-M-nT7byCCsOazYBWWQx.-N0oZIgkzvSj2payxraQ,2.2186685,2.8615024,-1.3686739,7.6170373,8.985711,0.5999222993850708,-1.1051705,0.1376226,504.65784501290733,2417.040771484375,2000.5879,757.7283,303.7642,169.35844,232.4487,202.45016,75.95401,128.45724,80.81622,103.60448
-Mx8e8RdUlNSsTwzEeVJ.-Mx8eHV-EK9O6Yp9mfY1.-MyqIlsQuuZy1LV3_F9t,1.0808318,1.6234567,-0.9403669,6.1847777,7.1251445,1.5427970886230469,1.8642702,0.18763971,244.18398659462835,489.9263610839844,356.54218,165.39774,286.57214,176.47981,60.97945,49.10292,28.78574,29.565598,26.32795,17.593596
-LrJ0yu2MQVIC9mmVQU5.-LrJ1-9N8CU-8pcr3S2o.-NFCxH6urwkcGzv1dnFl,-0.7852057,2.1921852,-4.5092697,6.276144,10.785414,1.082201361656189,0.9430349,0.1734662,502.37882505900114,-1918.0228271484375,1864.1825,724.50946,1537.743,1111.533,1852.6803,1467.6376,463.7982,399.79636,429.5068,411.31113
-LeGaSjy77PPaRP_E_OB.-LeGaei5XBlsLL7_p69Z.-LeGaxhNv-F9JQw6ju5d,1.4213926,3.5728824,-4.6663504,11.468862,16.135212,0.6840083003044128,-0.15278912,0.24310082,2508.7418581670013,4365.109375,3601.128,4049.1492,2802.8523,2569.3777,1307.3164,792.86523,1784.5219,1165.4353,938.8059,301.87497
-M0Rnlcdzp95eg3gQByU.-M0RnrPFPTR5VYErRZcd.-M3Q1n_gXRBJ_AH73Akh,0.73632914,9.590153,-16.269104,20.005545,36.27465,-0.1480240672826767,-0.8462198,0.9371992,3309.0256627196354,1086.7115861177444,4272.3594,4901.991,5259.601,3778.3235,2343.9875,2156.6848,1469.6447,1010.2255,983.0159,484.82166
-MVLBpOft-7dIzSb0eE6.-MVL9sG3L9Tl0zezSfHG.-MXk8ZcbPmOKsMxaklzb,-2.6982267,3.8112113,-13.266437,6.033269,19.299706,-1.0976349115371704,0.30302358,0.74375236,506.6574004618506,-5722.082394599915,4164.825,2064.1301,1716.7625,1123.7408,1080.8883,302.7164,1352.4452,790.2487,431.73944,868.4114
-M-nSsF_i78yWKTU6Jpi.-M-nT7byCCsOazYBWWQx.-MII_uWBSSTkZ76syn60,1.4657916,1.1653669,-1.1688927,3.5964317,4.7653246,-0.22711169719696045,-0.51634026,0.07677537,507.5524782807108,1636.563232421875,279.2019,242.78091,636.30585,482.64005,108.11978,203.54314,71.22965,79.30879,37.010986,31.351612
-NZj_UI5xOnM9HlJwmRM.-NZjeMcTKhz6ooZtZBvi.-NZjefVj56Bxe65Wrtam,2.7194514,3.8818095,-10.355358,9.7918005,20.14716,-0.2933957278728485,-0.3918543,0.6041417,1589.9837999441145,7810.7890625,904.13965,1054.2875,3702.888,4458.9795,2884.1382,2502.7256,1303.7223,661.3461,1200.8661,1803.6454
-LjGBIYnULLBckx6_33e.-LjGBSWiBH-PwIJV_e8T.-M4T93qRpN47wOWWIlaw,2.7944195,1.4764669,0.30618814,6.495353,6.189165,0.4658229351043701,-0.72694707,0.11567366,641.4293032080159,3223.705078125,832.3081,462.96417,347.7212,357.69415,288.53336,356.62622,97.11703,126.45709,70.73923,148.1479
-LjL053LDwz53ECJceWS.-LjL0WQ8L4ws1NV7CsBK.-NoB5JGjlZ4dRTIDT8-d,0.32865682,6.293006,-16.08867,19.66272,35.75139,-0.018606524914503098,0.44507813,2.5765703,-1483.2199347796338,620.8389892578125,4471.7583,2201.4636,1911.685,2707.5996,2295.814,2790.2915,1834.464,774.2486,2391.801,1666.9104
-LsVlMLffp0SgAp0tEX8.-LsVpvvNc5iRCKfLMuPm.-MDYcY5mG4k070xpIvRa,-2.6005223,4.7661233,-12.621341,5.204738,17.826078,-0.38626500964164734,-0.97344184,0.13464451,1658.4217071887658,-8065.609375,5794.83,5078.8604,5775.7354,414.9854,2981.3425,1404.064,878.3599,1460.8014,1065.2488,791.3295
-Lhi_hQB4d9hP668bC18.-NJnbybnfglLVaLUOmiV.-NZyov6iVWZ4_bljHPWJ,0.5160688,3.0696356,-7.4034395,5.700229,13.103668,-0.6957929730415344,-0.20158648,0.40441632,1405.2347968519348,1116.212027211984,1876.5117,1825.9696,3315.275,770.9265,1153.4758,1074.4332,721.0041,388.6897,158.67555,330.18005
-NeMreqmG_AJT3wdYmIR.-NeMrl1wnG9vXRJZgzVd.-NjgMMRqCacxfSU3R6eG,1.7672287,2.0266204,-2.2994397,6.5531907,8.852631,0.47045814990997314,-0.024113417,0.10425383,577.3139171263557,2274.12744140625,918.22266,519.21094,1312.5371,519.62146,341.06772,264.8636,260.5563,97.94791,16.380772,75.27437
-LigeHFphMxRCPevAukf.-Ligf0HImi6CvlwArKg2.-LigfSBQU0ghT24KWPin,0.20825303,0.909603,-1.722667,1.7208408,3.4435077,-0.3548581004142761,-1.0200502,0.08395417,58.798830996725,181.35920521616936,64.68153,217.0203,452.6474,59.671837,191.55075,94.28579,28.697449,82.91618,28.017065,43.961998
-MpQSxKS0VTehIXcKnMy.-MpQT3DV_sUGd7S2EYT0.-MpQTFZK_NTbcau4h8px,1.0634749,0.9222555,-0.4184992,2.858382,3.2768812,0.2628589868545532,-1.1763338,0.079692245,300.71156070454197,625.0655350709955,283.6119,28.400015,134.63307,194.11731,62.77622,60.70403,28.734186,7.0071435,15.326686,20.50075
-Leujocx_cjh-Ci6MrBu.-NLUo7sNx6hp4uSLWSwI.-NlS1PnlhW7fPPbRNnCP,-0.3704301,2.1598327,-3.0120597,7.0066566,10.018717,1.7629425525665283,2.841632,0.1496734,-298.90552084942476,-425.56656916936237,1100.771,815.59436,800.5938,408.40036,464.6128,297.89923,190.90193,90.624916,134.68756,116.09159
-MX16CYVJ5SEcN5zNQeZ.-MX149NnhWGWgTr53fHG.-MY4Kh0-N9-VO2Eb5wau,0.16287528,2.2411776,-6.860841,6.721825,13.582666,-0.5033181309700012,1.1704106,0.96781135,1637.447014578212,386.74110397696495,316.99875,588.0062,986.07996,1649.9999,1927.7811,1712.6407,1224.2059,153.5426,397.8348,564.3525
-N3T3J22UG6-6qz3L24S.-NUuANyHS-9tjfaemSP2.-NUuAUiw-f_UbQFln_FW,4.697706,1.4192821,1.8939567,7.7139273,5.8199706,0.22259001433849335,-0.5822418,0.11307049,345.1855842573193,3171.0302568674088,436.45587,351.80527,210.03969,233.39452,119.0088,131.07787,107.49116,39.87319,9.46535,31.532389
-MR-Ij4h6vJLLeLlTJMD.-MR-Iq9opPhL71yTwE7I.-MR-JI6poFoQORgqQwas,-1.3606834,2.2950442,-6.624685,2.4796038,9.104288,-0.4631620943546295,-0.57336164,0.120609045,724.3624747885865,-2652.1444609463215,1561.6398,1195.8608,1312.9391,1405.5148,674.6425,963.5939,594.48584,403.6247,458.3734,270.73068
-LivscGJhM_bffA-hYoF.-Livsj1eSIV9BzurR4DV.-Livsvp5ay5-6vjH9qw-,-2.3228514,4.782181,-14.391688,7.0423183,21.434006,-0.4240862727165222,0.079343796,0.22258067,580.6772409546528,-6162.8740234375,7416.57,1547.5646,3261.1467,279.53104,875.9469,1086.997,1693.4683,1127.8136,976.95667,1729.8607
-Leujocx_cjh-Ci6MrBu.-MHVHmFIrmK1XR8TJab3.-MWheOfPfgUhYfXGNxxb,-3.720581,3.0444489,-12.016014,0.7868154,12.80283,-1.1666662693023682,0.5224745,0.17285228,670.499860767229,-6538.927742322286,2601.676,1639.7192,1687.0701,312.3104,492.42862,540.8153,536.8631,858.50055,365.6579,41.463238
-MB36N6_Jo_H_Xp9V7-e.-MB37JPcRvm_osel5rIj.-MWx53KR9ABzVXp9Ojmc,1.1494786,2.218317,-2.377244,6.946092,9.323336,0.6734486818313599,-0.29914808,0.05859244,1592.2097143190158,3248.7844186226525,1396.0669,798.73816,1993.2458,3260.2534,873.4679,1074.3019,149.26996,167.68285,434.15256,319.59567
-MLCPaVHke5WF47cCC4x.-MLCPgQ3s22FJfFDZztz.-MZH6n4dGusJKe_Et_0F,1.1001147,4.979555,-7.416441,13.512079,20.92852,0.5823779702186584,-0.2242794,0.46540642,772.8123900095334,1974.5587183584769,1926.9596,3095.0767,4640.1147,1285.1537,905.5957,722.6591,585.727,435.6778,401.0781,603.54706
-MLCPaVHke5WF47cCC4x.-MLCPgQ3s22FJfFDZztz.-MzZFTh5Y-wFRPLRndS7,-0.719857,2.1421735,-3.6136649,9.147207,12.760872,1.7731515169143677,5.2537994,0.34765053,1264.5343026657438,-1730.828369140625,1377.3705,1355.922,1499.0624,500.7735,409.87662,1437.9598,1251.304,502.48676,932.31573,454.3551
-LimCEPj4cm8u6UaR3tY.-LimCJq_owsUDVdRu8Y8.-LimDSST7uwka8FslnEG,-1.0748165,2.0718687,-5.1218734,3.7644608,8.886334,0.045035336166620255,-0.37102866,0.087727845,427.7355000478788,-1588.4873046875,1116.5552,456.54526,1622.5812,531.7056,280.50906,349.07492,63.664543,279.15433,126.71298,131.44049
-NeMreqmG_AJT3wdYmIR.-NeMrl1wnG9vXRJZgzVd.-Nfz6fE1fcz3EtY5MWbE,2.7498074,2.5313294,-1.3463126,11.239172,12.5854845,0.8606096506118774,0.15704298,0.78850746,434.81104369282014,2872.090576171875,1498.1306,728.7592,535.71594,385.93033,251.6306,58.739887,84.63635,168.11638,145.5542,228.10414
-MzJP6qhOf8I5r38QOGy.-MzJPFkskaLDk03IbXto.-N2FneNOS6XF24mtuEkT,2.2076619,1.0539304,0.49612394,4.2418075,3.7456834,-0.12926355004310608,-1.0866324,0.07983005,361.5624697900198,1622.1092529296875,441.11414,243.8311,71.410484,134.64098,121.087395,40.43883,49.10085,13.837458,40.035965,21.276716
-MUDIcWtRJGFt3XdDORq.-N9pNgEs2W2VTgnPNFUV.-N9pNnFR9B1WHi-z1ys0,0.75788766,1.3270689,-2.2738736,3.0096989,5.283572,-0.6550385355949402,-0.42425323,0.10125914,335.827918080524,640.594746530056,240.80904,321.22012,581.80554,63.125347,313.5996,73.1771,134.18578,65.99047,42.143887,11.660648
-N54AzlS6z-DZQk1eMev.-N54BByvmb7JrmRAsIAb.-N54BVmfZLaJ3KVLpXXe,1.3419288,2.099694,-1.0006568,8.615286,9.615943,1.3247959613800049,1.3208799,0.44680166,576.8123987300982,1723.611656030019,518.6191,1000.4509,610.70355,720.84564,774.6239,524.7442,296.7477,499.60892,211.3945,216.13785
-Lj_XnWf-EECq-HeIZII.-LspRtoDewdgQIxqKxmN.-NJEhsj2cj3B_bDD4tto,-0.34980172,0.99673885,-2.0122857,2.174921,4.1872067,0.7663978934288025,0.20603943,0.11280608,259.3953585535521,-141.68667834003767,178.69727,136.5812,147.99295,37.897156,63.7761,15.770181,21.889814,19.158543,5.724649,11.509171
-NeMreqmG_AJT3wdYmIR.-NeMrl1wnG9vXRJZgzVd.-NjMqkbKVQ2J5yCsLJwi,1.683827,3.6193993,-4.5391965,10.986648,15.525845,0.44951480627059937,-0.17417431,0.20928526,952.3510845558577,2158.23291015625,1796.8417,1227.9683,2358.3489,378.23322,181.36072,244.49454,140.15685,297.03317,172.77621,84.809204
-LjL053LDwz53ECJceWS.-LjL0WQ8L4ws1NV7CsBK.-Mg9gfVnMCPRi4cs7SBI,0.8266913,5.181107,-11.801061,17.508072,29.309132,0.6077588200569153,1.9419489,0.6431973,1227.0228738475344,1713.114045937856,3919.2893,828.43384,4225.5474,2624.1943,3441.8538,400.0054,1183.5986,164.36916,834.0582,373.88623
-MnjJ9ac7flEVJpQToLb.-MnjJIF1eFqszyYWauCG.-MnjJc0Q7-P1sD3LlvVy,0.34609532,0.53666013,-0.6096975,1.3905259,2.0002234,-0.1306440532207489,-1.0183239,0.07214071,155.91234614830512,161.24298095703125,88.07846,112.99217,61.660233,28.119005,57.484684,31.760624,30.498898,12.246668,19.29487,2.925233
-LnlKFv4p1g71rkiw4cz.-NnwvosRhAPWEKAteAfO.-NnwvsxNgFFKs7TAExwJ,1.0884271,1.829949,-1.9493061,4.942972,6.892278,0.32982754707336426,-0.7854862,0.10880387,602.8886634300887,785.2870483398438,675.4182,346.52554,403.753,248.9429,163.50648,153.63098,97.69534,21.627583,42.766483,58.013775
-Lx_vSVn_jxtDoYmGJBA.-Lx_wAbvBPy-k3crgLyU.-Lx_wUhozkCXKBG1RCSN,-0.5365891,0.8229845,-2.6370366,1.2170813,3.8541179,-0.018640704452991486,-0.029862642,0.05590737,486.7658859627039,-904.0953979492188,554.618,389.2122,312.249,258.97397,448.71582,162.32877,136.60193,189.99054,84.74642,182.77805
-Lq0WAYUDojMPBIdZIdw.-Lq0WFQsy9GguJWnDUH3.-Lq0cquyL3QHHd1k-_y8,3.252431,7.197934,-13.053192,24.999052,38.052246,-0.052950870245695114,0.570621,1.0782397,2389.913736413291,16336.787109375,2127.6235,3634.9292,11403.886,3278.5317,11603.336,13095.812,10526.48,2689.743,4087.1985,2286.4824
-Moh5mqOGpsYy_5lzQFG.-Mpur5cab91I7PCUGxts.-MraY5rslVH_NKhAyDOu,7.058573,10.039701,-10.087363,28.575855,38.66322,-0.10744547843933105,-0.90874887,0.7374978,312.5015306363903,7388.044921875,2726.8738,4466.936,1317.8933,3958.415,2353.1663,1420.3655,1058.2842,1026.9528,256.6794,674.7197
-Lj_M3HTF61jKiWsSATd.-Lj_MSsOf9W73peIWAw8.-LwMsHu8RGeGhAXY4Ga6,0.0033527394,2.8475363,-5.06638,7.344534,12.410913,0.24150438606739044,-0.78638864,0.14598918,-132368.39904953705,3.6962077617645264,1970.5145,1666.7698,4328.678,798.7545,2076.9907,1633.9247,2141.7654,790.88104,574.83057,424.14337
-LilnSmSyM-6usWD64ZZ.-LilnfIIotZ2luAuWpsh.-Mw_iRQetBeAsLDAWzyH,1.0137554,1.8405193,-2.380019,5.603847,7.9838657,0.5310207009315491,-0.31771088,0.33166754,1525.5719283178312,2047.773936311404,1206.066,1543.9346,1012.89014,726.166,804.51825,215.57147,739.2386,256.84262,169.15553,83.26764
-LnHernN_fpHMmekEDg6.-LnHf-cbftVM4CTskSYH.-NPRI47BdePS3ZiKGDOb,0.13216402,4.540794,-8.193079,9.662233,17.855312,0.25633132457733154,-0.98706055,0.29764628,4778.960055767093,434.36419677734375,3606.0686,1029.3588,6322.4907,3912.9998,1552.3518,4936.855,1670.4685,1809.7727,1403.7153,653.76227
-MaXII5gPQoPR2wjGzID.-MaXILB8a1bw-0PFZMKZ.-MaXIQjEsQQA81EYOwgs,-0.6351039,1.561346,-3.80975,1.9868516,5.796602,-0.3027566075325012,-0.84219074,0.0722705,297.45195568740985,-426.5829772949219,296.74884,673.8306,66.46288,32.928986,36.249638,13.690696,8.354369,29.466518,24.855642,21.83104
-N3T3J22UG6-6qz3L24S.-N3T3NLTn40qRkBpVZJk.-NUuAG43NKBbThgnuG8h,3.5177133,2.3904064,-1.4917718,7.7428727,9.234645,-0.010175609029829502,-0.9039974,0.09389138,655.0223930551213,3684.177490234375,1158.7101,805.56683,805.1235,651.8382,30.340195,210.36761,80.04424,77.65824,106.60354,54.18376
-NHOoZ70QpQM7um_M3XF.-NM3LRXW7cbsr5PQFB8-.-NPREyOFPhNOd4Sg0E2Y,-0.47693798,1.1979638,-2.43782,2.578586,5.016406,0.42163413763046265,-0.24470925,0.6677665,57.77076464242943,-75.6166000366211,82.74425,51.588505,65.35621,54.657997,33.26084,7.542598,19.845615,16.36043,13.573247,8.216209
-LhFWo4psMxNltfNkt3V.-LhFWuDai6yRoxydHy4g.-LhFXY7GZvQjCRZCD3c1,0.8173743,1.727999,-2.7340648,6.0237355,8.7578,0.43610879778862,0.3850665,0.10274005,671.1674649212988,2016.39453125,1621.9023,1490.8796,703.3914,928.11896,1336.9945,266.64935,50.53041,517.9887,643.859,260.12534
-MLCRBZ56PvUBTIn5zTy.-MLCRMWSwQ6ad_QlEnox.-MLCRcEU_Tl-kqRMfDCJ,-0.19843854,1.9157377,-3.2051985,4.0096397,7.214838,0.15479320287704468,-1.0074164,0.32869402,2751.7468903607296,-488.8955078125,433.45975,796.37646,1566.0426,2017.7471,621.5269,939.4088,964.7825,522.00354,450.3462,538.53906
-Lviq474uMA__lfL-_Qn.-LviqfAYETU7x_uARUm8.-LviqmT-tvlIRVnrgvqR,-0.9082901,2.253503,-3.1009758,5.0421247,8.143101,1.2488411664962769,0.36220193,0.12953922,788.9267777343924,-1158.6201171875,1342.7397,1085.8859,963.6411,192.26535,314.60947,176.47348,92.83438,180.07019,51.764904,72.453255
-MpLAIls3c9Zt-aRzUug.-MpLAPDSOhSb9nepHRRt.-MpLAVko-7kbN8FxdITI,3.2749624,2.883649,-3.3251119,9.142485,12.467596,-0.2876987159252167,-0.30400133,0.27149677,606.3744875604025,3828.912109375,761.2763,1225.2443,861.40485,1418.0745,85.869415,644.3469,302.17953,383.63995,236.24023,240.83972
-Lzl86713yaR_HKp8RhV.-Lzl8SXZePDoIkwzWkak.-M3oPel_CGKRFOCgeWUT,0.329411,2.4389234,-3.4574087,6.718128,10.175537,0.7312479615211487,0.013297319,0.30189508,982.9372175294164,407.781982421875,724.044,155.11504,1000.9581,313.02414,451.0155,1231.161,515.8603,847.32697,154.98149,175.86559
-MIOBNUgcr0MTphTegMf.-MIOBfYk4EK4lJBip2hf.-NLLNja75s-DyzqYmzul,-0.35900027,11.555892,-29.082664,20.08965,49.172314,-0.3736719787120819,-0.6949794,2.889963,2475.237836801422,-584.8206805388132,1308.7488,1293.9525,10386.756,6248.0747,2829.2314,2280.4253,2989.0566,1384.6844,1605.6553,1140.2942
-LhoU4seL8pPSnfenVfr.-LhoUMF2TE4yFPPoyNA8.-LjVXFXUbN0BZBu_BBUi,-0.99231493,2.6838112,-12.743142,5.3595247,18.102667,-1.134044885635376,4.1311,0.21703434,1033.1691552493553,-2911.69482421875,1894.3176,338.82077,1565.6409,2154.9685,2967.8022,2174.7444,1884.7308,1212.0496,590.4552,508.11035
-MdWWP1s7V6rMA2nYCSS.-MdWYCwwuRdo4YAQYTUH.-MdWZ1kXtnenjA2pWi6c,0.00878818,3.190844,-5.696461,8.583128,14.279589,0.7232755422592163,0.112252474,0.23387325,60605.10751982026,17.081577075024445,2854.9526,1137.4397,2287.692,1132.3058,878.5866,1328.7179,810.03186,259.72525,281.09192,640.75336
-LtTczccIARlFKnjmwwO.-LtTd54D8w10BNGTAMpI.-LuBpSoUiRA-pMkNfyEc,-0.2471429,1.2183324,-3.169934,2.0274544,5.1973886,-0.5416592359542847,-0.21498299,0.06614506,524.5751586779605,-465.9315045153101,1029.1456,478.5366,927.69617,216.86768,507.29218,143.51292,122.878296,246.02959,229.50224,34.73167
-Lhi_hQB4d9hP668bC18.-Lhi_pFqfsm7Fzt3bPH5.-N2AZyY_Uq_WN8UwXx_6,-1.2761707,2.6448276,-7.0322204,4.8113155,11.843536,0.5140436887741089,-0.23415351,0.09650946,1510.6787384049042,-3651.6456954280534,2325.5051,1306.3665,4133.524,359.85883,1222.4855,298.5404,719.3436,1104.6636,357.20532,308.8462
-LilnSmSyM-6usWD64ZZ.-LilnfIIotZ2luAuWpsh.-M7HT70b0akjV2ehPBtf,2.3445656,3.4264264,-5.91734,10.308407,16.225746,0.16212549805641174,-0.42123246,0.7978941,1416.0997168505392,7342.62617525955,1777.288,5032.928,2928.7864,3232.6226,596.28064,467.73645,1289.8275,1594.2042,573.13965,923.17834
-LkXdHJF83_HuTFp1rKX.-LkXdNOQzzEmDdZ3ixjQ.-LkXdvWQ4XDQuGY4p8_E,0.8524386,2.309102,-2.2335105,5.091239,7.3247495,0.4838099479675293,-1.0102038,0.12107268,714.210707387746,710.6878662109375,778.8372,1054.7821,202.28828,223.51224,118.24003,92.96859,22.149197,100.31454,43.935482,12.056316
-MxnBemt8NLQn2z_pmjG.-MxnEn8p7WXa3DhHv3rZ.-MxnEuM_KoS8gLVnI8AS,1.3369471,0.6958962,0.18492901,3.1472013,2.9622722,0.7269738912582397,0.036347628,0.07277107,311.32530961948174,988.8931774621209,192.9814,155.59996,79.77571,154.49356,167.6947,51.393726,75.0752,42.654446,34.560875,2.773638
-NZj_UI5xOnM9HlJwmRM.-NZjeBsChpT_wcafOujX.-NZjeUA4tLbkILFajsmO,-0.043085005,2.6912618,-4.285183,11.73848,16.023663,1.7280049324035645,4.281855,0.37984082,-21001.85126658104,-134.84521484375,814.35596,1301.7966,3412.174,3380.271,1390.5822,2085.8022,794.46893,1075.5437,1088.8009,468.96933
-NG_v-quK1IzNNsiAGZP.-NG_v93QEWhwTan--6yi.-NM36PiR8uFrCElEMibn,0.42554176,0.608941,-0.74635434,2.1915264,2.9378808,0.39161941409111023,-0.3486421,0.11231977,440.8749000658784,268.41425088544685,130.0651,148.8648,46.57046,151.28894,30.469475,37.050495,39.431885,37.792805,37.242104,30.045292
-Lhi_hQB4d9hP668bC18.-Lhi_pFqfsm7Fzt3bPH5.-LrDGZMFzArqWQn6oytS,-0.21915418,1.86076,-4.3601365,3.6219032,7.9820395,-0.23745961487293243,-0.85541415,0.07723579,-265.31636479063724,-632.0504555106163,1128.5472,829.41846,2020.3179,1034.0731,2245.463,898.3992,561.9314,600.3988,305.7256,500.91916
-McTE93UrKnjhI90CwZI.-McTEE2gtxh1sY_mXoBC.-N2pZnl9i42cJchJBABT,-1.2922711,1.1024178,-3.7198987,0.7453686,4.465267,-0.08674415200948715,-0.78122234,0.08776682,363.3261709216797,-1046.00048828125,114.38406,292.6472,485.94766,149.42891,86.54966,140.1676,79.37227,38.631393,48.673492,53.827427
-LjVNF11pOp5nOvINxrS.-LpbmfsYtj0mePcJtWdo.-Lpbmr2Msf6JtUVDfDxI,0.69167846,0.8710153,-1.3488874,2.0962925,3.44518,-0.7083885073661804,-0.38827658,0.060783494,317.8973659475444,488.3375244140625,275.6573,169.9388,262.62512,44.75307,77.86332,54.70474,35.20795,36.021957,26.551336,26.614624
-Ll0PgwJ482RpHKPZiP3.-MUrcCjUEtwQ-lVQPcJs.-MXBj5f_5rudE6UPk_Nr,1.7731285,6.5543375,-11.072013,21.781857,32.85387,0.8405696153640747,1.0080085,0.7147713,1642.5189010159843,6860.984375,3887.5908,7289.1733,11338.439,7230.381,4922.2646,3450.4658,2975.3132,1869.8983,1583.599,539.5407
-Lc_d-g4yyU44NLZYjLv.-MJWHNNHax2kwaFP9i63.-NE-yXpGc3dEA1jBwprD,0.80362356,2.0924034,-3.0809011,5.205737,8.286638,-0.07315641641616821,-0.8238847,0.2548014,233.30132854505774,686.8727416992188,387.00223,389.70203,506.20673,754.6713,443.99088,413.73026,141.92842,145.28783,99.60414,118.14682
-N3TKnmASS39_DJZaHma.-N3TNrRY-7i9dZsKTiNn.-N6qyCoTbyEPdJI7dpqk,-0.3781251,4.269291,-9.39795,8.565099,17.963049,0.14109142124652863,-0.729069,0.824054,566.5436543540036,-789.4429329733053,1668.2463,1410.7189,4054.6313,2723.392,1525.0525,2203.0977,946.8109,1077.803,593.21356,567.2081
-Mxn0bJrVlvmgIvfLv1k.-Mxn0gZOkuUx2oW1V_Ql.-Mxn0vvR7mPxtPBVyYcM,0.58562547,1.5184922,-2.2756279,3.683654,5.959282,-0.05014486610889435,-0.93132615,0.08684957,216.88789679610628,577.9156494140625,595.04083,357.313,752.02783,81.7839,131.16055,124.00343,145.77766,60.38948,70.91438,48.16581
-MSWv5SlosprB_aFvJYo.-MSWvBf-YxK6MKxGIxhr.-MSWx65J-wyWO12KNhcl,-5.926297,5.421531,-18.685585,1.6230559,20.308641,-0.7427089810371399,-0.7135072,0.4986949,564.1661707400613,-6948.0966796875,3389.7886,2807.2344,646.2046,396.09433,317.12912,229.1924,134.03654,194.18927,155.65826,77.67705
-LlBEMo2wsK41U_i4Ff-.-LlBEbuAIaFAvd6Tsudd.-LsR1rMRJElSxo6tmolW,1.1264901,3.494279,-6.5248218,7.6254716,14.150293,-0.5467705726623535,-0.21430731,0.14468876,750.1829294038505,2127.41064453125,3443.1172,1878.627,1951.5198,1129.9509,512.9854,619.1054,184.86676,390.8496,544.9279,113.90959
-LsVlMLffp0SgAp0tEX8.-LsVpvvNc5iRCKfLMuPm.-McIvaTe5P6xhKkLBp5n,5.4328303,2.3466675,-0.7119327,9.053073,9.765006,-0.776362955570221,-0.11958933,0.14429998,676.2154375143627,7056.001257777214,404.5959,1522.6586,621.2693,1094.5684,279.35345,425.55374,258.15903,452.16922,136.29335,96.33497
-MYEQzR3ToSh4GRLSIMW.-MYER3l2D2gbCmUtaz6K.-N-Wf18ic39XzSDcYWgq,4.234016,2.7841578,-0.2649089,10.175656,10.440565,0.29011696577072144,-0.8088913,0.2242639,394.7122780336219,3614.189208984375,605.89954,524.22296,762.5034,1108.0903,393.47125,260.9913,258.2529,150.07242,150.55157,150.92073
-M7fmmpmUnyNn5ky864w.-M7fn-FYsIUM8jgytLVC.-M7fnIVyt08_JDZRahp4,1.8822137,1.5967801,-0.41598845,4.8990197,5.315008,0.34660103917121887,-1.0809542,0.10152233,446.7283003888136,1708.028173883756,233.23811,386.00888,671.68445,567.5485,234.20009,45.424763,37.123955,104.0082,48.422577,60.887245
-MLHXDQ2BX7xY0GEal8T.-MLHXluRZevq2K-wq4OH.-Myg2dKoYHt5vNG7GGIK,1.0167161,1.502904,-1.2042938,4.81541,6.019704,0.8350106477737427,0.089725494,0.11208287,400.3549995409193,1189.998291015625,743.8187,234.16234,838.305,375.09695,163.86977,123.16532,63.547806,177.62518,67.77363,96.29122
-MRUA729OiKXXyHBgHAJ.-MRU8BEsz4ELk9LiGR2N.-NCOzcENLoNoiaCiXgtV,1.0905578,3.038589,-4.034121,8.347779,12.381901,0.4492422938346863,-0.5980997,0.2017827,432.2075822026546,1305.4153023163478,766.31006,2082.6243,580.8024,676.21387,356.19968,651.7967,273.98788,344.956,72.99918,247.40582
-MlnOd-lphkp0pE2p2E-.-MlnOlJjVQn78cD91CPM.-MlnQmfInk-VyTfta3v3,2.743186,1.0707203,0.1016191,4.2514114,4.149792,-0.6568571329116821,-0.48499084,0.07767773,412.2195828240616,2254.482421875,328.33496,277.88626,398.8535,108.10208,72.6385,139.42964,50.40562,29.037249,42.999985,27.600681
-LwSkFLpVhoo06-eXQDi.-LwSkL_RSsEd90yQouee.-Lzf3RzITHD67AQhl-Vk,-0.40461305,1.6430919,-2.5430233,3.9212415,6.464265,0.9364388585090637,0.3377986,0.08959943,1625.247459171452,-606.5909452239672,966.31055,491.61664,1175.2437,548.726,216.5219,100.299904,90.320465,239.9921,30.136225,129.8087
-NOJLSbEUK8-kwpgRLMv.-NOJL_OgEmxUqIM6d_Ow.-NaAftjkyA1jlATyCy2j,1.5443723,1.5081564,-2.1878874,4.126372,6.3142595,-0.6807011961936951,0.1197598,0.20337915,552.7720779422629,1308.5487008094788,308.38724,318.91547,706.22925,233.75081,102.92468,172.38176,106.803635,56.149754,12.592471,58.212585
-LhtgDx5KeVU6cU3K9Dh.-LzfdBx2b-FaN5Ij9lGf.-M4SiWiIYkeaDfVcGbiK,-0.8547067,2.694989,-5.939977,6.1434655,12.083443,0.5987108945846558,0.04600811,0.114755034,2100.7313320176304,-2244.96630859375,2954.9504,1327.2072,2485.055,1854.5033,1434.4006,208.51726,1009.2857,371.7019,475.76678,738.7183
-M2gsMSjgBDeZhPiRGCs.-M2gvlsMeunFdl3nlgzR.-M3oXyI1ghAvzp1bXpiW,3.0833316,4.196068,-3.6224198,12.2992935,15.921713,0.36753255128860474,-0.8208318,0.40488482,1023.4063404548115,7268.1611328125,1567.206,2432.762,3447.7334,3366.256,3211.4287,1417.7711,1604.5167,679.8212,83.616295,719.5254
-Lilua2XE74Z18rgZNVN.-Liluj98v9mvUJFCihVY.-LlfRQY8Hcm8hHiAcAHy,1.1908822,2.4115355,-2.5673594,6.5397964,9.107156,0.5108337998390198,-0.4549768,0.09410226,126.45683106523761,1969.4619140625,1977.2333,438.3513,802.27136,1315.9116,900.3602,575.9224,361.5928,207.10585,146.05736,81.24359
-MZvTIThiui3_2oVmHxm.-MZvTJlySPpZSszFH8KQ.-MZvTPbmnciQ-f5ZhO4L,-3.728623,5.2915683,-11.803223,13.20737,25.010593,0.6729047894477844,-0.45155,2.6427839,900.2064952811845,-6700.91552734375,4164.2817,1183.0345,3538.3423,2414.545,1090.2872,1892.3851,616.8675,867.6998,248.18248,677.1076
-LeQII_TgkYXZO_B5B2m.-LeQIUstV1Mx_ALxWXxC.-LeQIjx6EfNtXeMWMgxt,1.546423,1.8133262,-1.2143743,6.849329,8.063704,1.206018090248108,1.153657,0.19669771,324.36225463371426,1060.6460639635723,443.46704,299.44595,214.16188,604.46136,224.43282,87.955086,132.40033,19.631702,28.091309,27.287163
-MnyeTyNHSzHjQzXaV-S.-MnyecqEVayWLBiTCwY2.-N1m3uyHKnceGC90BdgX,3.3946993,1.035539,0.72350883,5.4365134,4.7130046,-0.5877285003662109,0.28517938,0.09798336,349.08396826872314,2423.203369140625,86.23665,215.52454,182.19308,382.47073,66.99553,173.2632,35.097095,28.243252,41.937923,28.486635
-MYEQzR3ToSh4GRLSIMW.-MYER3l2D2gbCmUtaz6K.-Mbk1PJuf045PahOCnNN,0.50752175,2.4950476,-3.3408134,6.6852384,10.0260515,0.5654680132865906,-0.4435532,0.14344704,409.809212656246,636.6064580082893,812.0865,710.73224,755.95483,1620.682,250.80537,700.6832,29.151274,17.658726,64.43421,10.964312
-MB8yGXih5puJ_4PF_7d.-MB8zZ8aYX4Yf9ZylK1F.-MBJ61IIeqV7S_T66Gql,1.1216096,1.196662,-1.0222371,3.2174935,4.239731,-0.07128290832042694,-1.1946769,0.057094336,550.7662199028647,1310.6800916790962,632.89185,526.899,314.90973,385.69748,111.00566,79.14995,75.480446,89.62432,50.21605,32.148018
-N5nbmou7u5pPNrApAzI.-N5nc0aUgz0o3QvtZuFx.-N5nc9jVaO3MtJTPmMDM,2.178733,0.8012305,0.7974695,3.9116046,3.1141353,0.426830530166626,-0.8168981,0.05664563,462.0388460816376,2099.4905893951654,222.90991,232.16263,357.81412,216.08194,93.820274,87.73349,29.543303,16.939241,21.5402,13.642231
-LeFwjQg8H2YmqKWub7l.-LeFwyQRrBy5fhb9uzcX.-LeFxXTQfPwJgT_daO8A,-1.6308669,3.7362463,-12.785664,8.035984,20.821648,0.028524279594421387,0.47800517,0.46490812,1379.8272537244734,-6484.385234117508,1740.9941,2068.8752,3633.9243,4131.3296,2595.7942,3660.982,5164.761,2721.0962,610.2253,1371.9481
-MLHXDQ2BX7xY0GEal8T.-MLHXluRZevq2K-wq4OH.-NI71uq94-wybsaXk-T_,2.1188183,2.8187478,-4.259957,9.348954,13.6089115,0.2638801336288452,0.48840952,0.124967694,1011.2234438213004,4191.1884765625,427.70392,1704.477,2699.5635,1640.2684,1048.6372,614.9844,676.9863,468.2821,484.42508,110.24599
-NU6Ucl7T5pvRq7p_yHN.-NU6Uh9BMYOrcb4IRLkb.-NU6UpbvoZPrMZm5GQi9,1.5785375,1.9719753,-2.6955814,6.007278,8.70286,-0.0005733419093303382,-0.67117953,0.14760852,556.0681219941633,1666.692721972863,427.86523,1065.1453,272.74335,681.2859,399.75327,143.4372,201.477,226.9649,143.886,27.679253
-LjV7xs7C-72wzKZEEu-.-LjV85uT0YsZ6d0aFabD.-LjVBztnUf9sZUFeu1O9,-1.6959108,6.3560166,-19.684343,14.125124,33.809467,-0.050413601100444794,0.8678584,0.16499424,2802.3273715840655,-7642.472575823466,10101.004,4763.4897,11301.88,3013.1982,6549.3896,836.87616,8648.728,1787.4803,3234.333,1105.3224
-M-Ob5KRYQxMWnU8wvlJ.-M-ObGpG413SKganVap0.-MCv33RPLTxF_C6lEcRW,0.20955704,2.6852944,-4.3584704,8.89956,13.25803,0.4921671450138092,0.13731766,0.19139266,-1876.4410651145668,504.9245103796323,2467.3237,1512.1838,2221.11,1520.6193,467.58606,548.1088,1140.0248,818.4865,599.90656,586.38086
-LkNv1UT3R0mxgmThyJe.-LkNvZijfo9kyJCglp55.-LkNw4ng2AmfpCkCOG8s,0.6777277,1.6295521,-1.7034519,3.5280983,5.23155,0.26064983010292053,-1.3914948,0.100691915,-4.930212303574217,418.3006286621094,559.1523,348.07498,192.98895,183.80699,22.004622,20.121935,69.764336,23.7871,20.520905,10.029403
-Lj_M3HTF61jKiWsSATd.-LrDDIqn_SvKUqnELg1z.-MMFVrU5BPn1n0pt6t34,-7.954126,5.831883,-20.915876,0.6939325,21.609808,-0.5662946105003357,-0.7663121,0.29506302,651.1635442913373,-9635.294429540634,4129.2725,2056.406,871.1189,1111.5991,1013.80035,370.9784,506.2451,114.657745,301.99426,80.61571
-MvNOnbh2Qh0ZTFU0LjI.-MvNOvJzKLE_w24DY6Th.-NJF8K02FgKCRiNB8W0J,0.26055735,1.7625079,-1.89233,5.689746,7.582076,1.332080602645874,1.1228752,0.23866642,358.61507883729325,116.59481811523438,437.59177,279.12762,184.59589,115.716896,70.807434,49.05713,44.846294,97.70978,54.8366,25.467968
-Lp7PUyQTrv7lON9UkZp.-Lp7PdRdtEXPgXxz2IoA.-Lp7RCVV1WzqDUf36dTB,0.42282194,12.471239,-25.26109,17.323772,42.58486,-0.6139494180679321,-0.7271004,0.36121684,2722.522543864459,325.67236328125,4039.2883,4857.285,591.8763,558.4517,401.33524,279.60324,80.72141,84.98527,162.19485,47.924408
-MykvNlqq4cJWVdU4utc.-MykvR1JNoLE5HdVp_XN.-N1h9GlW-lVL9KWCOoPD,0.567645,0.9331378,-1.9281179,2.6049252,4.533043,-0.42408493161201477,0.41211057,0.05678028,636.531519734614,613.267822265625,317.35858,265.98773,314.7553,451.7589,123.456635,83.53258,50.356663,61.910847,43.930458,34.447563
-McE1oz7o-gH5vQsbCKZ.-McE1qL5j6GA_l7lyo4G.-McE22BC0-MHhtjQL7Ek,5.8549037,4.4126086,-1.6996844,13.322006,15.02169,0.007402920629829168,-1.3560029,0.28973484,957.2031567408457,9599.410352647305,4215.4746,564.33887,698.3685,2308.6091,189.51085,752.33997,677.0903,599.6888,348.6084,406.3834
-LilnSmSyM-6usWD64ZZ.-LilnfIIotZ2luAuWpsh.-Lymzeqy7QLAfTSdJ7re,-0.94817114,4.6598377,-11.889815,10.149882,22.039698,-0.28764063119888306,-0.2780404,0.52170295,2204.2146453908986,-2800.526506741842,990.8514,1250.6018,5412.9087,5268.1514,2517.1392,3005.411,2352.3743,435.61252,1299.7535,1604.9832
-Lulbc87BHgXQt7DhxtO.-LulcCd8pZWeViElszOm.-MSCVPoBc4ATanqE5B9r,0.4881156,0.93834877,-0.822324,2.935565,3.757889,1.1472747325897217,0.6053684,0.07212885,570.1524666443918,345.2491149902344,354.7155,161.37753,175.70224,163.21007,94.15064,36.004837,39.12191,25.244152,11.477112,22.701302
-LkNMipnKsPt3QVGOhhl.-LkNMYerRLnC4ebJJQMv.-LrJ2VCX93QpkX47mslG,27.86666,47.202114,-31.919228,157.07027,188.9895,1.3194564580917358,0.53218794,5.034956,3359.939072464178,127697.9104288419,98993.195,80105.336,54295.86,24797.486,24429.16,31899.031,23621.107,20273.645,6040.9053,12313.459
-LoZKUh5fEvfBJrtGexE.-LoZKjZZ9ddHMvb8AOvK.-LoZPiDd4M7Pz8AOq8rs,0.29773626,2.3522427,-3.622261,4.5519466,8.174208,-0.0019788816571235657,-1.2333211,0.3941214,547.6450060137289,254.48794555664062,873.6811,609.3541,780.39923,441.9069,139.52177,190.80739,134.80681,90.3549,61.039238,72.011185
-MiQATlU0-A80Emx-TjR.-MiQF7v7zHuhhcGoL13D.-MkfMy-Sic92EkNPT-YK,2.0453074,3.5048804,-6.1954308,8.478781,14.6742115,-0.5282837748527527,-0.3595922,0.20538157,805.1309158992559,4158.787133812904,285.9308,918.5133,3891.824,1921.0599,1983.1187,410.31613,332.91196,626.7243,163.00546,510.03702
-LhKVtvaBGb1puFWOmgR.-LhKW39s7wkxN44JF0MW.-MQq3VpejSwKGicEkZQH,1.3981962,4.6675434,-6.516048,14.164164,20.680212,0.5799015164375305,0.20240879,0.21398139,570.6139911705961,2344.634521484375,3477.3835,1342.1118,1990.0853,2811.5576,1865.4227,256.93222,659.1638,584.1448,265.5688,640.852
-Leujocx_cjh-Ci6MrBu.-MHVHmFIrmK1XR8TJab3.-MHVI18c2GxeFg5za4Xo,0.36388093,2.2792463,-3.5428853,7.599949,11.142834,0.7874852418899536,1.0439577,0.45609307,686.5642009437346,335.78204345703125,430.0721,555.7438,586.5148,827.1161,570.852,390.74142,128.77444,247.46587,215.71971,115.846794
-NW78PWy6TSgtImlF19K.-NW78V76ftDp3uzB-n4_.-NW78bDFawU1K9YlCt1V,-1.1475371,1.0314078,-3.1165457,1.442531,4.559077,0.47996315360069275,0.156847,0.10265604,638.9238420618481,-1635.046875,576.2653,321.76132,335.0399,391.1585,415.49002,370.11725,28.933765,155.14204,93.70528,80.98064
-LeLWB-dy351dCB87ylW.-LeLWXTFsi6ThQOgC5vm.-LhFFlTbW0KOffPLAXrp,-0.060180515,5.5572605,-7.7473063,14.79276,22.540066,0.6979514956474304,-0.2205298,0.16573,-3611.760157312736,-151.22021484375,2369.2063,8161.2217,4289.9653,1391.5198,133.86298,706.81903,127.563286,316.74243,473.74277,309.07178
-LiS7bcrCbhs1p6ubfxy.-LiS7plP6PDZI7PWq5oC.-LiSCPXqGYnuACd_hWwf,0.11833342,1.3289135,-3.5730295,2.2602627,5.833292,-0.6761012673377991,0.46180797,0.06362912,3639.415975534311,159.22900349895158,522.3926,591.04755,933.4543,23.826681,243.07303,97.556694,163.83556,53.88502,69.78081,87.13245
-Li7Gw53VbA92RZ3ABZB.-MQparOJxbnYW_9CEOgq.-Mo3HzBjFxLy3vs2FJv-,2.1078062,5.010709,-5.3037343,13.335637,18.639372,0.43631917238235474,-0.7406151,0.2749281,656.7414718271016,1973.979656259219,3062.9163,361.62903,1028.0385,468.56067,83.43721,177.29922,171.58519,252.45164,82.95893,37.184914
-LiIGVqcFTTU_qRCRe_m.-LiIH4-Hc5J700NPybJ8.-LlfIWDjPVZV1A5frza4,-0.5783135,1.1113678,-3.2427998,1.8125843,5.055384,-0.11439710110425949,-0.22279406,0.07762617,297.65078111952886,-829.710205078125,806.51044,12.9091,207.42035,642.2259,84.55436,308.99606,145.18503,96.91224,100.50349,98.269
-MYcxMB6ca1sHkZqT4kc.-MYcy1GzA6D13QDSmcBc.-MdGOwtGZ62G9MOtKRpx,-0.26938137,2.7038734,-5.7290745,5.3449683,11.074043,0.17053228616714478,-0.8353262,0.24491155,1580.6130004408694,-459.64581298828125,930.41125,1020.53937,1633.3124,1604.6154,690.548,1110.0288,595.60815,505.3248,431.59933,363.5598
-LkxK1hw4N6XYpid0sKT.-LkxLZAUPGqJfS7DG1od.-MvcRtHtlObG-JkuSEOQ,0.4517235,2.5116696,-4.467483,4.9697833,9.437266,-0.004033317323774099,-1.3093209,0.07810128,3158.6260538117326,1090.8277587890625,2413.6404,2366.2827,640.1506,2167.6782,851.76917,730.7034,456.13748,346.1722,383.43674,146.77226
-MOArmDxtvmjAkaQ-KsX.-MOArprPQJCrLd8PVe4n.-MOArxOSR7hr4QF2lfrb,0.6979745,4.865613,-8.652099,8.938663,17.590761,-0.015024022199213505,-1.1431977,0.42810884,621.9184708653245,924.5792236328125,646.315,3660.6462,468.8908,1903.0201,732.4077,1350.8347,532.83936,339.87933,504.59363,372.01608
-LsVlMLffp0SgAp0tEX8.-LsVpvvNc5iRCKfLMuPm.-MM-PyYgyJO1a7b29VjR,0.24943438,2.8295715,-5.079895,5.219612,10.299507,0.1568152904510498,-1.1743177,0.138064,3378.6487477468436,632.8992919921875,3335.4277,2019.9113,2038.4999,1677.9186,1064.3013,618.4027,801.3043,186.41939,558.80524,197.81659
-Lhi_hQB4d9hP668bC18.-Lhi_pFqfsm7Fzt3bPH5.-MAA9Ex8pTsJFB1Ahbhs,-1.0473077,3.8122034,-10.185383,5.802622,15.988005,-0.16697505116462708,-0.7643845,0.14145702,628.3658127286794,-3469.090198328098,2986.0625,907.29266,6254.1865,967.1494,4605.987,1085.8229,1904.3893,1280.3799,1199.3955,275.77222
-Lp2Zitht1JMuO9k0Xp_.-Lp2ZsWy0LCBfO3z3lw0.-Lp2c7VFr1sz2DjGAzy7,-0.19840741,1.680818,-3.514577,3.3272395,6.8418164,-0.20527592301368713,-0.8784926,0.05398704,-138.31274795316642,-375.4926866019766,755.0457,1042.1056,1283.4896,1250.768,53.661438,213.14076,245.9317,191.52364,3.425221,146.38144
-MeTtUwTir2J1Q5ghDTp.-MeTtkwjscAeshF3gWfR.-MeU28-XI2-6g6P1OCJs,-0.69986266,4.2092657,-12.104816,7.167811,19.272627,-0.40773335099220276,-0.06626654,0.22469234,2637.0240825333267,-2367.2570402820907,948.61755,2346.5332,7517.4717,5102.386,1562.9722,1781.1698,1026.4684,1662.5906,573.1015,1105.6873
-MVQXCBj_iIZqx9OEnWa.-MVQVAL1hY388kxns4lT.-MVQVXMSGGpxlSvl6F1B,-1.3992631,5.245339,-14.489979,4.16404,18.654018,-0.9976423978805542,-0.1306982,0.6563735,669.4930477418037,-1698.1531982421875,880.9782,225.0803,2744.6423,2758.935,812.1675,796.67194,1303.2269,632.6593,316.85437,230.03862
-LsVlMLffp0SgAp0tEX8.-LsVpvvNc5iRCKfLMuPm.-LuXHPL9ZZhCsB589l0u,0.6838454,2.7167966,-4.6214905,6.843239,11.464729,-0.006060134153813124,-0.54627705,0.14558041,1458.1090487469166,1587.7247184515,1890.274,1233.5548,3370.9722,612.57117,1007.93384,59.339306,590.2984,751.71594,874.31854,417.14752
-LnHernN_fpHMmekEDg6.-LnHf-cbftVM4CTskSYH.-LuCTdCGeOtax8USSHki,2.3080618,6.6579995,-10.423305,20.102228,30.525532,0.32427164912223816,-0.18466902,1.1725717,3078.3304548989527,11033.8828125,3255.3215,11066.834,10587.885,12002.2,5774.2686,3329.5466,2266.9678,943.429,2211.1182,2788.6038
-NLPunN6FL-EDR1_Lusm.-NLPvIv_E3Bd14f0VfB0.-NLPvQ3g-qqLOadF6wv1,-1.3587825,3.3801,-8.440928,7.2402554,15.681184,-0.32953208684921265,-0.74730086,0.76312613,395.73218848242783,-1429.7400632053614,1046.2897,690.619,1829.6528,706.00464,628.02997,88.92395,315.51767,294.40143,109.175,233.11629
-Ll0PgwJ482RpHKPZiP3.-MUrcCjUEtwQ-lVQPcJs.-NJnrdKVkZNdUq2COIHa,-0.44348285,5.875884,-11.142928,21.4697,32.61263,1.289445161819458,2.8142657,0.916708,2270.4949258734046,-1021.583984375,3166.336,4558.63,5071.718,1387.9924,1714.9294,3002.935,2850.9912,1605.4813,258.37717,981.2098
-N9patflU5EfSysAO-5l.-N9pb2_hh-nxoclV5IaT.-N9pbEhc5mGviSxiR3Pz,-0.16793208,1.8926128,-2.8168044,4.161655,6.9784594,0.8552334904670715,-0.040207148,0.11402628,-748.5227984961491,-151.2972412109375,733.7364,691.0154,625.9737,102.842094,96.769554,137.92531,25.434834,58.487854,35.345577,28.42178
-LkStkgOz4aCQplRjDVI.-LkSu-v9GyFDvJPWbbAu.-LrNPpu7IF0ZXlkv9Equ,-0.6155755,1.280733,-2.4225268,2.3722792,4.794806,0.43536460399627686,-0.7818258,0.26060867,394.88650578267817,-878.2314453125,314.61642,695.7349,586.04156,306.24936,461.11673,119.504364,469.70407,236.91367,53.62805,119.51321
-NOJLSbEUK8-kwpgRLMv.-NOJL_OgEmxUqIM6d_Ow.-N_3KLih65VXJ6oDwL10,-0.8630157,2.9392385,-5.852258,5.8109446,11.663202,0.16433511674404144,-0.8204987,0.1270479,444.23020094973,-1150.4368896484375,288.13596,607.7304,2091.7375,1519.5323,211.97014,603.1655,136.55734,188.75375,175.94524,40.27599
-LhtgDx5KeVU6cU3K9Dh.-LhtgZ-OCWFD-YL8GREj.-Lt3qbYIAohjLqoqLsDt,-0.95807165,2.5771418,-6.3224883,3.6156514,9.93814,-0.498311847448349,-0.34020734,0.12275556,471.88688977275507,-1387.1156463225682,1917.2477,1144.6011,1059.4729,761.0891,60.033897,274.9822,350.9649,186.3619,165.56134,52.34724
-NHTSIH6WGEuYYUbVYA2.-NHTSNphytM8wq_yQ1lp.-NOOFZyNxYjyp5bN_Rjn,-0.7690997,1.5978339,-3.706984,3.274633,6.981617,0.250745564699173,-0.709574,0.11148143,440.29174153474895,-884.6618041992188,682.5228,582.9353,684.23615,469.8997,86.82619,291.03256,213.4001,52.943176,136.73439,63.03554
-MbuPuAA88LtcDAuPoiZ.-MbuQ1CymRsvvqpp-z8D.-MbuQ6SNnGyJTCvALutW,-0.6841967,2.2120686,-5.427603,2.9180954,8.345698,-0.4188021421432495,-0.80354,0.15102494,686.1150381626021,-931.3615708549818,995.81616,917.09863,1173.7712,366.70322,910.1174,389.09286,237.04262,182.03288,87.45271,150.74255
-LiI9MWE6_hhHCGU-Z6W.-LiI9ZBqq5aobA-k13m-.-Lr8O1WgU8xIuuzykq1p,-1.7517706,2.2286973,-5.1941323,2.3080494,7.502182,0.17889748513698578,-1.3112491,0.10097098,700.9308105967617,-2119.912109375,517.17804,437.36346,1596.0778,537.31854,151.19958,432.68042,282.75763,172.81038,110.842,84.718376
-LnvJOiOC0hyFobuXd5Z.-LnvJTU9-J1J_3OpDavY.-Lp2-XgsaZXsOGoCPX0C,-1.0490229,1.3427355,-3.8281016,1.7793502,5.607452,0.15060001611709595,-0.5539303,0.12345642,972.3504617859054,-2217.4090426365533,591.52264,577.7762,937.36505,987.9944,645.638,485.63983,476.83643,125.01213,601.08124,189.84175
-NG11iZBkksgimviLPGm.-NVn1ZKnLOVYYBwUnGFd.-NZjP8o3qYcBQGvon92x,0.13186601,4.7562556,-11.5565605,8.268961,19.825521,-0.7590794563293457,-0.16538715,0.36797297,3443.552145031063,218.1885986328125,2824.2651,3237.7554,2971.4797,825.253,1688.9056,1233.8396,600.4042,113.84282,197.1554,94.567894
-LcZnAvU6dq4vFlRJeeM.-LcZnL-Cg1Ay0W4f28er.-LcZnffGPvt57qSIqqbj,-1.6065642,2.809878,-8.616012,3.5912933,12.207305,-0.6178763508796692,-0.41941047,0.15037572,1157.0249913707041,-3869.6447319984436,1534.9119,1144.5493,910.81726,2563.485,2404.7883,861.92365,2070.2097,213.79375,424.67377,675.5164
-Lh9l-HS63RSczRmusZU.-Lh9lCKMmqCKNurs_pUR.-Ll6DLC3soxKgdV_Fbj0,-1.0878322,1.0038841,-2.7697833,0.6425623,3.4123456,0.09888269752264023,-1.2523437,0.04466617,524.0481703603505,-1012.4378662109375,580.9157,268.86942,30.814224,63.40254,22.750332,131.42479,9.440651,61.542007,23.966894,21.642382
-LjGBIYnULLBckx6_33e.-LjGBSWiBH-PwIJV_e8T.-NWfalHMZ5m6cTWSQ8lT,-0.77840734,2.1882644,-5.265798,2.04697,7.312768,-0.38822808861732483,-1.1225572,0.12598503,868.6152482952044,-898.9619150559107,821.76263,108.6206,1464.3068,525.8017,240.14828,80.65781,116.86127,110.548065,98.221924,57.18908
-LnHernN_fpHMmekEDg6.-LrsEMc0TBu1X-ESuAtq.-MRyIvVGZsPx5YLYJd0l,-1.8477887,2.969183,-8.527998,4.564036,13.092033,0.17047575116157532,-0.61968875,0.29492792,1672.0644489559581,-5775.423198784391,163.45093,2862.4414,3152.2236,1400.9626,2219.0156,2618.5789,703.02545,2345.0688,1263.5931,660.4729
-LhKVtvaBGb1puFWOmgR.-LhKW39s7wkxN44JF0MW.-MNNJQH_WJyLfp79KFCE,1.9511428,2.2011778,-2.354737,4.971729,7.3264656,-0.5088543891906738,-1.2144147,0.11669326,567.0894207537525,3069.06982421875,1050.5562,220.95201,1702.4025,893.85925,712.86475,461.3737,367.64108,448.1256,189.11557,130.27203
-MMyrtJE700qqHnVZ6Zf.-MMys1oalPcMI5_UxuNA.-MMysL5ywejg1dL6c-NN,1.6560429,6.4565935,-10.294108,13.969672,24.26378,0.1818927526473999,-0.96110463,0.37094587,984.609760295009,1927.756645085911,3856.1907,1960.044,2361.5857,1090.4115,1068.854,782.7493,622.94324,391.3594,479.99698,70.5458
-NZ_B2J9-orCHk8M2Xa6.-NZ_B8UjIpc975ne1QSj.-Ni-8_V_o1jknA6HzWFb,2.6465728,1.7242401,-1.0030148,9.479631,10.482646,0.575447678565979,0.8452554,0.5283177,585.5958369358352,2978.92635884881,489.94757,894.53406,233.98744,581.036,299.6427,277.16336,108.88124,194.47018,147.10614,288.3846
-Ll6O1Drda67zTGbu6UM.-Ll6OKVLeAg2rdgD6T96.-MCGJwdvOGGYhoMI3U-a,-0.96245265,1.7686068,-4.9466476,2.6245718,7.5712194,-0.3960806131362915,-0.51959944,0.08278203,1330.5039329905453,-3399.72412109375,2278.1494,1465.0286,1935.05,610.8287,1775.346,1024.8508,1423.2811,572.7853,114.47872,557.883
-LoyElDz7n6jv9EmAMw8.-LoyEzohKY7MdkaYfB0S.-LwIEhDOYMZPzB3uAFwT,-1.7536914,1.8942871,-5.017464,2.628576,7.64604,0.5133276581764221,-0.43595004,0.11583257,701.16386288122,-2841.1928164362907,872.7494,620.1048,1208.1273,1043.0184,464.15717,591.4113,594.3251,127.45629,84.84027,131.13644
-Mi_UgYjBGSVkOKeZ-Qu.-Mi_UvwRn8hIK1dPF11n.-Mn06EAAQrXkuWwY5tFI,-1.0258076,1.7201841,-4.3333316,3.344735,7.6780663,0.5595787167549133,-0.16989231,0.061566234,1261.8000213182188,-2883.56640625,2026.275,1532.7733,903.48676,740.83215,712.6298,983.1545,735.65765,1171.0758,166.33992,304.59335
-N05Ap9ymdkMzonhjWtA.-N05DludkwlXa6Qbm9AC.-N41bGtrhyX2RrpS6HC0,1.8754593,5.065642,-7.1701517,17.263916,24.434067,1.0176082849502563,1.0254078,0.87051964,1262.9413246339811,3711.6956534783044,5121.7456,1754.797,2528.1294,2986.1194,1235.4204,1017.58136,762.32355,637.11273,174.01367,314.27563
-M-OnrHA0wmu3ymvKWA8.-M-Oo9RqHfWyjRggeAS9.-M1PE1OCYPJDSPQDJAR3,0.46499842,1.2559323,-1.5235317,2.5138333,4.037365,0.08782698214054108,-1.3110338,0.105593815,1150.8251691506616,668.3635864257812,522.06647,116.07938,947.76184,447.19907,353.682,212.80098,156.43892,162.48445,39.820488,70.802345
-MIwlrO2-BhSr0Y8Q6OT.-MIwm0nfiMmo8ZcZp3VZ.-MWhhNrZQMqIS5Ok4Up2,0.5577245,1.3448224,-1.960756,3.197688,5.158444,0.11872123181819916,-1.1424156,0.06745118,881.4146598921799,850.644775390625,1273.0052,233.17717,402.56757,273.17047,98.00022,226.40611,163.46722,191.69847,51.916595,153.1702
-M8K00vs5X5z4KE3QEXK.-M8K0Fez22SqfGEBZKa_.-M8K0tumAp2nRAFHiovA,-2.1320558,7.4921556,-17.21382,11.997305,29.211124,-0.25520071387290955,-0.9160001,0.19536331,916.8181080449863,-6089.94677734375,11551.66,3198.6401,1743.1571,7365.3296,2855.8867,2105.262,550.4332,2453.291,1928.1112,1544.198
-NgIeMFBrq13mUfQG-Sn.-NgIgPT2ztyNyoni6moM.-NgIgil9yLJimZfPpA0w,5.4334216,5.149911,-0.34201738,17.043095,17.385113,1.079087495803833,-0.2576952,0.6660991,941.1786736320769,7671.701856692632,4231.8027,2583.264,832.5416,772.23737,234.65343,505.93106,113.9851,215.4828,165.31285,162.01738
-Leujocx_cjh-Ci6MrBu.-MHVHmFIrmK1XR8TJab3.-MU8ACNRKg7mUdUwxXxk,-0.43849698,2.8685203,-6.5775266,5.405534,11.983061,0.014829250052571297,-0.20686984,0.12224683,1219.3618755430164,-600.4127197265625,1127.984,1243.8638,1952.2571,857.95,278.58667,339.80606,248.27592,96.70867,167.71756,70.248375
-LzGwU_eVLmlKeseHuqY.-LzGwlc5PM0Da8ccP8Hx.-LzGx1N27gdEc3stHD4e,0.07728667,0.46436602,-0.9790285,1.1417109,2.1207395,-0.11449114233255386,0.21295619,0.051055923,210.70995539873638,55.604470363507666,24.549969,94.76507,184.25952,64.46338,76.03539,20.843422,26.441824,3.1402862,7.2314053,10.416866
-LpbEwSGv0-3NvLvZYNG.-LpbFBnTf2RC65JpoeRo.-M15A1Pa1ka8CKnzbemf,19.304089,15.390911,-7.797639,59.32853,67.12617,0.19456267356872559,-0.85585594,1.394165,802.4648118899709,33172.10898860296,5726.7627,6703.249,12079.756,4040.7568,5828.7534,5501.725,3548.9883,3524.51,1625.2771,2592.0813
-LcfARU6yMZ2m2s6CoLf.-LcfAbCowbrOLyP30POn.-LhiLCypsgfD9a7aTRFS,5.8374534,3.3904507,-2.530659,12.538551,15.06921,-0.15702366828918457,-0.8614278,0.21051931,1045.2046050915876,13900.524612228075,2802.7888,1209.0721,2801.0522,3192.5344,1187.6564,964.3904,683.9755,687.1813,438.38336,920.46545
-LkSxgdWu3mrv0klTuuT.-LkSxq8ao9-5yLS9f5xw.-MwVgfdDNDJoOcDsRLHx,0.15838176,1.5109162,-2.8665175,3.0271323,5.89365,-0.00628857733681798,-0.73720145,0.13025293,1565.3783193081024,181.2676340652009,520.20087,341.85916,865.9994,444.00525,307.30557,110.80782,102.052,139.59367,86.774086,62.385643
-Li78_-q6o1fQuak5tjs.-Li792Lr928udbQJoVff.-MPmdVmJBL8uemTOyscF,0.8488018,5.168882,-8.027191,32.863155,40.890347,2.359065532684326,10.678739,2.3065667,661.0934504516781,1389.1624755859375,1816.4855,1497.2251,2899.095,2179.5417,1171.8539,1870.0338,1948.944,1108.8319,1150.2305,582.3439
-MzEGIBJLhT6OZUVQr1j.-MzEGLTYlrYzhRUL-vCm.-N17b7Ts_bYre-KjMbfX,1.6739386,1.3887175,-2.1187859,4.356169,6.474955,-0.6813991665840149,0.59721375,0.07242115,591.1505371541981,2341.95361328125,501.86517,698.39417,385.38235,812.7924,417.0179,237.88007,173.57211,150.23001,164.86504,90.27733
-LjL053LDwz53ECJceWS.-LjL0WQ8L4ws1NV7CsBK.-LtdGZfe3UhWqQrkJEEx,-0.44191256,5.36571,-17.118193,11.018815,28.137009,-0.9032989144325256,1.2464385,0.4989488,1641.9131114137244,-1566.4775390625,3183.185,3906.7578,10130.847,3410.8613,1218.8003,2591.3862,4111.101,3013.0242,1503.5596,1235.0159
-NZz-yrFJIgMkrvvyU7k.-NZz054n-xFyIqrXJoiy.-NZz0Aw6220MK1DHEHX0,-2.4369643,2.3269114,-6.3298917,1.4384826,7.7683744,-0.14929203689098358,-1.2484564,0.11018801,465.33762483727656,-2672.0615234375,954.8127,1430.795,332.96915,159.09628,314.78275,65.1168,117.91064,63.0362,146.37408,125.699905
-MvrNkubcd0s4PMRZU6L.-Mx3lTGBalMdb5zHET1V.-Mx3lZJmr1jsDwjMXo-Z,0.8784908,1.895516,-4.175592,4.862409,9.038001,0.11689687520265579,-0.26591372,0.24019659,952.522194976551,1648.145751953125,63.447567,870.85974,2214.3677,590.83014,155.61876,138.53398,227.23416,240.29173,257.96884,95.87499
-LilnSmSyM-6usWD64ZZ.-LilnfIIotZ2luAuWpsh.-N595ydWwvr4pP-0FYgX,0.30040058,1.2388022,-1.9230158,2.6802995,4.6033154,-0.005344204138964415,-0.94069576,0.091199845,772.3936338553149,439.9499206542969,578.4791,421.32043,519.08136,758.3236,449.28815,120.60558,127.44745,138.63797,130.18874,50.34772
-LilnSmSyM-6usWD64ZZ.-LilnfIIotZ2luAuWpsh.-LilpwgEJYdPJ7c2zL04,-3.8368535,5.426968,-14.247921,6.401614,20.649536,-0.13976748287677765,-1.1545068,0.73636556,1429.366161381225,-9953.2705078125,1461.7262,4031.0986,8180.219,1515.3379,79.38,1524.4917,1733.627,1171.3187,75.36638,1224.8171
-LkStkgOz4aCQplRjDVI.-LkSu-v9GyFDvJPWbbAu.-Lt4MIpe9xvAJcdahXZM,0.47285324,1.3885299,-2.6271372,3.3349204,5.9620576,0.037101805210113525,-0.5865619,0.052592635,1591.992813904152,879.1100059747696,286.74265,773.42847,1170.1058,766.3489,591.4398,404.3784,252.33437,200.07475,2.251104,80.00579
-MRUA729OiKXXyHBgHAJ.-MRU8BEsz4ELk9LiGR2N.-MaXy3R1WuarAO2cvc08,-1.1854974,2.1502132,-4.782742,4.356269,9.139011,0.656978964805603,0.066349745,0.094215095,843.7467011500252,-3089.871826171875,1172.734,1113.4902,2126.4814,1919.774,1249.0104,1526.4802,637.9039,464.64908,459.76877,107.798676
-ND7BsUwXoyq3Y50pjun.-NHOa-SrZOG9PynQGF77.-NHhp-ncWt2KaR4WgiUr,-1.8548379,2.5945096,-7.183617,3.2703493,10.453966,-0.10963314771652222,-0.834646,0.77928615,1107.2175886424889,-3781.48486328125,1083.2673,1927.6256,1651.8823,361.88776,1797.6324,923.1394,638.5127,294.9735,281.6083,307.60043
-NJErXKLwkd1nbg1WAvd.-NJErcSu-bZzgcub_6av.-NJErw70zRfPrP5kijzN,0.3877211,1.2587851,-2.3207066,2.4811285,4.801835,-0.5724044442176819,-0.72087836,0.065290615,603.7884100331848,571.1220092773438,479.3373,199.45473,738.19214,847.2916,236.54945,278.77127,88.24135,197.17357,81.69279,54.098495
-MuohO_gtqg0k2r683cO.-MuohTxXe5Rvw6M6hPGu.-N-2A8kYeDeYCT24tqgC,-0.4638586,2.276784,-7.1909165,4.4051795,11.596096,-0.6519588232040405,0.8831186,0.13550061,122.89825670263984,-780.5677275657654,536.4367,1164.6382,1343.8497,1618.2097,932.1838,368.27377,453.761,215.93788,150.42584,181.95352
-NHTSIH6WGEuYYUbVYA2.-NHTSNphytM8wq_yQ1lp.-NHTSWe0ZIgeZs6RMmFs,1.6005695,2.1229777,-3.0043495,5.1351056,8.139455,-0.45329970121383667,-0.9437475,0.11854696,647.5082168630578,2318.3076171875,400.9242,780.6429,1351.949,1282.4998,554.06323,185.12119,133.07214,122.40016,219.89067,217.50471
-MpAnRz-p_1u1zHKeCf9.-MpAng5mLDd6JPQVWhCU.-MpAnz8FxHr0AX9Yzs4s,-2.2448385,1.4786724,-4.56666,1.3470039,5.913664,0.5636581182479858,-0.33918905,0.09128362,385.98112529960287,-1659.7197265625,589.61926,319.62405,253.31796,191.45816,77.93566,57.42478,169.58194,78.313,31.640509,34.791622
-LilnSmSyM-6usWD64ZZ.-LilnfIIotZ2luAuWpsh.-MVzmE4EwxL4OYS5uWcA,-1.7167495,4.805851,-13.268722,5.757816,19.026537,-0.4927767813205719,-0.78488207,0.9232321,1324.878091224455,-4288.685546875,1389.0303,2419.8376,2189.205,5166.3525,4256.3975,923.357,2196.0688,1754.9403,723.1797,350.5989
-LhA7iwTeQapDTyS-SYT.-LhA7u7fdAzf-Ce6-nAO.-M-OjpWRIvjqvpGeURC_,0.32304493,2.1688278,-3.3236823,6.1006174,9.424299,0.8514888882637024,0.45270848,0.096223846,942.8483875644527,648.9473508993784,1340.3032,364.76596,2035.9061,1045.5048,1418.6154,170.49084,100.97911,187.2545,233.71149,108.761284
-Li7Gw53VbA92RZ3ABZB.-M-nnzs_CQxmNYcgiTb-.-N-1uuI8QZdNJCz8xmSX,-0.90128624,2.4384847,-6.2146525,2.0796208,8.294273,-0.6205006837844849,-1.0132104,0.2741425,77.88355898017014,-504.2053128480911,562.34534,193.19853,490.5967,508.09827,165.62318,212.25685,90.79283,94.13305,10.481718,51.67702
-Li7Gw53VbA92RZ3ABZB.-Li7HAzKrOiI0a1m1y0I.-NfyZ7_rRkip1iimHCtl,3.601325,7.524749,-5.270853,33.690365,38.96122,1.3180959224700928,0.885314,3.2938776,670.7492380847568,7437.56591796875,5609.331,4628.855,5941.6436,1173.94,1506.5378,1614.8792,2696.9214,1712.3457,491.148,876.1434
-M2gsMSjgBDeZhPiRGCs.-M2gsd9LQMlBwPrVPX3L.-M5W0C-FR5veHAKRYBKf,0.47832942,2.8828917,-5.247748,7.946125,13.193872,0.09744458645582199,-0.6577108,0.7456455,1915.0804049692606,1052.6027982172866,739.3852,1234.9152,3341.8823,754.7824,1175.4255,778.1699,1463.9061,700.38586,338.15012,741.40717
-Ll6cs_2_PISse2tMbIY.-Ll6d2JxKsxCBH7cEtzy.-MwBFK5-8Zv1HcdfkO82,0.31236276,1.1357164,-2.1558154,2.0437953,4.1996107,-0.512021005153656,-0.75054836,0.06820834,417.38578998483433,166.8304671148459,246.29047,314.4416,120.50544,47.81298,44.59176,14.099149,9.598879,14.699599,24.897133,11.361699
-LiMfnjpZAneTtCKR2v-.-LiMfwM019--cSZgDp7c.-LiMgeSfLPh9V6J5E2ZR,-0.15003122,1.1314003,-2.7271106,2.1414697,4.8685803,-0.551087498664856,-0.28401995,0.06908324,1766.8953582259946,-325.47737580537796,497.04846,378.37204,858.9887,950.3267,577.2051,731.98737,209.85306,86.30986,66.7299,163.92683
-LqAlBMdW0SudzsLML2z.-LqAlFESFzQexx-7wZi5.-N2Vfy8xK1dcEh8NG6V7,2.1117003,5.5473557,-6.6592803,15.92285,22.58213,0.952939510345459,-0.17975044,0.36916208,1957.7641843315616,4270.4609375,4775.2925,4180.17,2928.3452,393.48834,2576.871,2250.1018,771.8358,563.818,664.3579,575.4337
-LhJlMvLYJXSPII_fdHZ.-LhJm-m-AXRUxBNRp17k.-Li8CQyLSKx_foS9saP7,0.06679229,0.79745543,-1.7515182,2.3375766,4.089095,0.6409922242164612,0.7516134,0.074336104,-411.2327673898597,94.11831665039062,197.71107,339.21802,378.7278,512.093,124.86093,55.812595,73.85998,112.8936,129.89735,50.323624
-LsVlMLffp0SgAp0tEX8.-LsVpvvNc5iRCKfLMuPm.-MR-OCsVkDmzBmYMJMvt,1.1869015,3.0528512,-2.8166664,10.449751,13.2664175,1.2405589818954468,0.5555725,0.1528449,932.2922176328271,2488.07177734375,1187.1947,3287.0945,641.3792,2313.3975,388.07867,1150.0262,32.821045,260.80164,510.6095,421.68805
-LiMpCaA24H9MjEXOVk0.-LiMpKyjdotKO7FGl0BA.-LkYVYx3DpMTbcy-D5im,0.65338695,2.6177716,-4.1112676,5.4693995,9.5806675,-0.15139839053153992,-0.99875283,0.082974195,935.3861756209594,1273.0414493282635,1292.9551,115.62943,3079.3677,848.1601,742.7145,448.32693,478.28738,214.91484,106.809494,150.31993
-MznQ6oXrVJaJ4U_hajR.-MznQD7LO_Vb3gUHNJwr.-MznQIwJiKLCh0qXIQQD,-1.4161975,1.0842302,-3.3691308,0.49295607,3.862087,-0.207794189453125,-1.1227536,0.092198014,426.70255218804374,-1052.19140625,424.33203,170.30731,222.18295,240.03735,44.00205,40.741844,58.310284,37.63749,12.39382,18.629534
-Leujocx_cjh-Ci6MrBu.-MHVHmFIrmK1XR8TJab3.-Mn5K2_wy_WRKT6DUK34,2.8336945,0.9839849,0.07514833,4.64491,4.5697618,-1.1674622297286987,1.1343179,0.09502959,375.69205011222505,2321.069398125013,402.78577,224.87599,172.24174,223.43297,92.537125,134.73167,34.903553,39.89537,14.799423,28.752293
-LnHernN_fpHMmekEDg6.-LrsEMc0TBu1X-ESuAtq.-MBnCNYk4afvlsPVPi0b,-2.263347,4.4314814,-12.805623,5.9630804,18.768703,-0.09992927312850952,-0.5752294,2.2769003,1310.8144362798305,-6926.8046875,2467.058,3756.6848,4557.7773,4825.395,670.60974,2516.9756,2489.1948,385.54236,824.36755,1249.7084
-N54AzlS6z-DZQk1eMev.-N54BKqvY1QfjuiNH0ab.-N54BiJK7Pc4geuh9lKD,-0.016079703,0.8434045,-1.6600093,1.8983879,3.5583973,0.10867655277252197,-1.0209312,0.06454867,-235.3020123227437,-15.681226273377737,479.27188,90.343735,215.53514,8.26888,248.28383,131.08763,86.61167,49.654804,71.48311,12.149867
-LrIRVq3IK3HG10yEBuK.-LrISdQltvo9B1C3m_ci.-MGwDaYPOG2Mh-5raELO,2.946858,1.702602,-0.11187966,7.4342403,7.54612,0.22312761843204498,-0.57828116,0.20586419,427.5602734335717,2401.55126953125,151.61554,38.762054,862.8337,280.89124,94.654816,83.89472,258.5631,79.04505,66.086,27.371117
-LhKVtvaBGb1puFWOmgR.-LhKWJhP_PX0yKWf0V-S.-Lkx6d1UNDMzEcJMK3xq,0.8141023,1.9530492,-1.5655134,6.259968,7.8254814,1.2923418283462524,0.9802201,0.10692251,499.0476908200777,976.8302848835787,1062.7448,788.81506,800.79004,271.2037,283.2249,211.65744,231.54282,187.52339,208.17885,72.830246
-LilnSmSyM-6usWD64ZZ.-LilnfIIotZ2luAuWpsh.-M9IOISQ3ACnCcJ7to4e,-1.9690878,4.1501465,-12.530442,7.6179338,20.148376,-0.26136288046836853,0.5031123,0.21018171,2440.6083551663296,-6211.4697793324785,1791.1946,2473.4946,6460.491,4530.8394,2766.2905,1397.6409,1106.2295,739.9906,699.7345,697.51697
-Mm2CziuznOBE9LfxL0J.-Mm2D3KjPiosJMr03kbQ.-Mm2D8L5i7tyzFc4Rv0d,4.255211,1.331201,2.5333014,8.02694,5.493639,1.1794103384017944,0.7926438,0.10672355,469.44765670719215,4357.45556640625,536.52924,615.63055,226.98094,348.74295,103.5777,177.78008,176.91441,86.71514,34.76677,67.08385
-Lnuvxn94zzlvbR2fXoY.-LnuwT0P82kNj-2lSKoR.-LpXQuV9CAvphsv2BVDq,-0.10609796,0.85115576,-1.9128909,1.1177137,3.0306046,-0.7403484582901001,-0.6471808,0.06290921,441.6649358454452,-94.0024898648262,351.41287,215.19035,338.5133,65.21338,11.462783,26.261303,28.455074,53.187542,14.500324,22.288273
-LrwT1U-5CiinD36UcXJ.-LrwThs6pmynpIFDzqeW.-LrwTnQ3ydfmS1LUjLl0,-0.20381285,2.184596,-4.345074,3.663101,8.008175,-0.03199964761734009,-0.95744705,0.23098922,779.6831831670032,-143.5511474609375,898.7229,454.5606,383.39655,154.60744,143.81169,115.034096,150.25,39.483967,29.887146,26.321629
-MqJ8RHnrbz8Xti1wHHb.-MqJ8bJaFrchCnNhkMlW.-MtlLUEfftziCGx7pkwK,0.7193445,1.7632053,-1.837313,5.483173,7.320486,0.40666139125823975,-0.581341,0.26953733,998.6798225846818,918.9683478474617,1184.8049,570.0081,113.06016,769.2962,51.613422,226.99539,128.3927,304.6602,120.2389,34.136482
-MJf9PRZCQ09Pmf_ADGD.-MJf9sH9L5blbbGPx43Y.-MJfA5gzzutiJOWjTDKU,0.8985854,2.0473144,-3.2919772,5.7400455,9.032022,0.4508861303329468,0.14603615,0.1051147,848.9283864357915,882.9656648735205,1117.5417,604.926,307.62903,319.39215,402.54785,106.896545,124.03863,27.497484,96.67195,44.195366
-LhFWo4psMxNltfNkt3V.-LhFWuDai6yRoxydHy4g.-LsLS8yHDiwChhgyFJ4b,0.2763044,0.916207,-1.5000994,2.062419,3.5625184,0.029554015025496483,-0.97108126,0.058468558,1161.2120182053914,667.1610618680716,389.90652,137.88588,877.0594,952.0043,202.9484,459.8223,407.63513,133.36179,248.33879,181.2415
-MZkyRHeqXG1YYKxSmqV.-NI6YuMhMlzoIqL7W8Lx.-NaQDstrxpiV4Y2mwY2r,0.23231754,2.5968103,-3.9032805,5.5865436,9.489824,0.4838252663612366,-0.561167,0.63507223,337.5631355849166,69.88095092773438,496.64136,109.996796,277.05106,66.18671,62.852577,40.026787,37.595924,41.845104,31.27667,23.846935
-LsVlMLffp0SgAp0tEX8.-LsVpvvNc5iRCKfLMuPm.-MB7zmgnfypx44VHkyRg,-1.6256385,5.7409363,-11.171197,7.879725,19.050922,0.04538748040795326,-1.1726047,0.14041352,1651.5721701274338,-5167.3701171875,8069.07,2025.9823,7128.9385,4742.4424,3603.4666,659.03613,2204.0154,1055.3458,918.8529,771.1839
-Mj8A5WiZkzJQPQZHUxX.-Mj8AAzjkbkV0ltCdFRr.-N46iaHU2u3ANa9zzqrc,0.23499797,0.87625694,-1.5461291,1.8413272,3.3874564,-0.13008689880371094,-0.68057656,0.06696051,834.0345447848889,191.99986267089844,341.40686,151.62636,240.29572,209.45592,105.1934,42.166843,36.998325,30.173944,18.392477,21.086702
-LnvJOiOC0hyFobuXd5Z.-LnvJXkkLJXEjgCjvJG8.-LqeUIcTEeUJg3AUi6nF,-0.8591675,2.758581,-8.32365,2.7024784,11.026129,-1.3052703142166138,0.8262656,0.23486638,423.0764047577862,-764.444091796875,832.79675,582.7771,1195.3937,328.67004,282.75272,486.73477,162.39996,57.9704,126.33958,202.31387
-LkStkgOz4aCQplRjDVI.-LkSu-v9GyFDvJPWbbAu.-LodSESw2bIftrgkRIOe,-3.1394973,4.468199,-14.95982,8.550197,23.510017,0.1170610785484314,-0.12572217,0.27509916,1529.4159777622529,-10708.265625,7425.585,3134.3467,2652.4111,2343.078,4792.6167,1294.1467,593.0854,1403.2877,1650.8732,1121.9845
-Lj_M3HTF61jKiWsSATd.-LrDDIqn_SvKUqnELg1z.-LrDDXhx9KZ_ph_-Gljw,1.0126077,1.6228222,-1.1939665,5.054592,6.2485585,0.5078411102294922,-0.90208745,0.106738925,285.2581796061389,954.18994140625,918.82806,150.16042,280.29062,379.3858,120.267296,110.5668,97.31252,128.1662,115.38371,60.577885
-M2bvo-7AnonkE8qaqvj.-M2bz8ZiOLFfos1iTm0D.-M7COoeGwu0PL598AgJl,4.0832167,1.9546201,0.16880511,8.619415,8.45061,0.38778603076934814,0.021374464,0.17660165,489.86329476242236,4185.265754063924,283.4439,919.97766,604.65295,504.1297,210.58221,460.3763,105.35755,282.1607,216.3512,202.4696
-MIYBHMBqsEYgBIhlxql.-MIYBgqZv5NiAXt2Whi2.-MIYBsEypSgq-zjuB_LI,-1.0973428,0.8021121,-2.5635583,0.306747,2.8703053,-0.007741760928183794,-1.2567989,0.084563375,436.81197893326237,-1130.8720992803574,423.74582,215.46712,114.15914,235.37886,12.720649,124.52322,62.80992,129.66925,70.73586,37.52421
-NWl0jWJFTZ10mK2RPVt.-NWl0qiTmLgUOAwJbfny.-NYRtXUuRFdStawiClli,-0.0466564,1.0384973,-2.5828023,1.2440151,3.8268175,-0.8056010603904724,-0.32582593,0.07403139,-915.0548089519275,-41.26988454783956,411.85352,0.8639484,330.3983,320.11493,115.02624,98.514496,26.804901,81.29159,49.945396,33.157494
-ND7BsUwXoyq3Y50pjun.-ND7Bwwtaf0GHaZzEl_w.-NE-pIxmxgvfTtCFEneP,-1.6914701,4.5107083,-10.691096,10.202487,20.893583,0.14719675481319427,-0.4811709,0.5245101,311.06624160276795,-3257.342529296875,2734.816,2489.1084,957.7141,2611.5522,2776.3357,1680.5671,1395.3405,745.6232,1187.0123,780.5407
-Lc_d-g4yyU44NLZYjLv.-Lc_dR6iUjsYfyL3NJc5.-Lp7idJ-vgUNTu4_RD7H,0.7826617,5.130446,-9.463889,9.439167,18.903057,-0.23364515602588654,-0.9150245,0.1494714,2943.482304240362,2503.4508496522903,5462.684,4334.1255,3364.3027,6401.192,1851.0239,3744.6445,2337.3535,1913.5399,1671.4523,1242.2015
-LceKoJLHb8IoImrI10u.-LnCM3vwNpIsMhOoOzDc.-LrNObs_JnWLP6vi60_j,-1.5461897,0.5666105,-2.517177,-0.47007918,2.047098,0.33914709091186523,-0.93012786,0.105131626,285.63979078223787,-814.4448786874613,74.96726,38.817554,138.41154,84.31918,71.501305,53.7379,22.906225,31.564182,35.263676,13.455598
-LtYy4Zza7zo46cmS_Q0.-MHGNj3IFRga_iK82gM_.-MHGOF8cEd_GjYfE0096,-2.9636667,7.748019,-16.56016,19.29963,35.859787,0.4231235682964325,0.21882176,0.82924604,882.2442987600123,-4868.399851799011,4423.548,1033.2279,3566.4697,5888.6274,2618.295,450.48477,1020.8393,396.258,1201.6941,1238.6067
-NHTSIH6WGEuYYUbVYA2.-Nii-y9uEKqSyKPb4WtH.-Nii012CWkl7E4d2pkQb,-1.7948033,1.4061649,-4.485926,0.8563037,5.34223,-0.32741034030914307,-0.8206582,0.16477421,258.13804732099067,-994.0224307378134,187.32391,370.02924,169.85425,234.25964,160.6471,94.38787,77.14851,75.2508,28.909214,34.131107
-LeM1xnb640SvXq7BVR_.-LeM2F0Hn1FtEuwySLEM.-LeM2V3Vm7G2foaCcOv0,-1.21804,1.1883646,-5.0378995,1.3086337,6.3465333,-1.4019414186477661,3.0014663,0.11109501,397.70263318617316,-1031.56591796875,216.67484,326.90564,351.2033,322.1749,329.82397,123.064964,57.505394,8.059104,38.686348,3.5032604
-LiHdzI8lpqzkkuRhCf4.-LiHeFL-BtOWv8dfGtAP.-LiHeLGKwASuhczBwVFY,-0.47239217,4.6947684,-11.146859,5.34786,16.494719,-0.6154918670654297,-0.78212166,0.33147907,3587.204681695339,-897.8234252929688,2986.3494,377.90427,5036.187,1794.0345,939.38074,479.86093,708.0312,167.02281,160.00882,464.16617
-LiwBy8_gwK2dqZULgoM.-LiwC3rnu9aohR3JDpNu.-Llf7mX8ATCFu9IX9gQJ,-0.6044383,2.9433346,-6.568287,7.362675,13.930962,0.48399773240089417,0.28568125,0.15355825,921.4554398357991,-1047.252891878287,409.15646,2696.9172,1529.3611,962.9828,458.55893,868.3589,483.1279,782.2589,385.59012,317.9819
-LnHernN_fpHMmekEDg6.-LnHf-cbftVM4CTskSYH.-LnHfLgDuevqEQJ6lFJG,-0.46319094,2.1578116,-5.2479496,4.499842,9.747791,-0.12428432703018188,-0.61525583,0.9174405,-364.3347805511326,-2093.73828125,3773.7021,2560.6875,1480.4489,3053.54,1491.9235,1408.7878,918.65063,998.83057,1456.9216,477.80002
-N1HyPmDE0QTEp92yfCF.-N1Hy_lxGTSOVSsrMUdr.-N3xRgANr67m70xnastb,-0.2579003,1.447095,-3.4463537,2.3699255,5.8162794,-0.07923445850610733,-0.6484153,0.06639898,383.6414528465001,-316.3255521257718,375.42703,164.99916,1100.6396,218.62991,316.82407,158.41255,83.69962,36.49116,78.57489,53.966698
-M-nSsF_i78yWKTU6Jpi.-M-nT7byCCsOazYBWWQx.-MQuunwmFSmZTR8jdyV8,2.7479296,1.6469347,-0.10559075,5.3823113,5.487902,0.042064014822244644,-1.3345709,0.057998896,868.597391588323,5018.258466800054,1172.2659,955.9669,283.44638,1342.3693,235.49434,378.18515,274.95248,137.05853,139.11661,30.544746
-LpbEwSGv0-3NvLvZYNG.-LpbFBnTf2RC65JpoeRo.-LpbH6Bc8WwkDpyMjTW9,-0.6709092,11.064735,-19.24348,27.641542,46.885025,0.3999706208705902,-0.9223876,1.4895175,-971.1785716782197,-1220.59348376592,6955.393,4128.0303,8725.121,1998.0537,5683.3955,1567.1237,1786.4131,1169.7607,1321.4778,1340.5331
-NU6Ucl7T5pvRq7p_yHN.-NU6Uh9BMYOrcb4IRLkb.-NhVlKtqPcmJN1rqnLk0,-0.44135886,0.5757625,-1.449503,0.49867913,1.9481821,0.07672618329524994,-1.2510844,0.17716715,191.36184387631238,-253.20098115472743,64.90974,48.48732,179.29256,106.69459,34.79004,20.433222,31.652246,9.741974,18.895967,23.37349
-LsVlMLffp0SgAp0tEX8.-LsVpvvNc5iRCKfLMuPm.-LyDLzYgEt7877heUlG0,-0.7501414,3.2840016,-6.003243,5.3131647,11.316408,0.4180612862110138,-1.2242877,0.11231834,1341.2489001229917,-2082.7011381785073,2660.119,1384.989,4102.401,3407.3254,1345.4559,557.21893,792.385,544.9597,795.2449,97.45495
-MrvB23uSUAm-tDe6PEt.-MrvBDF89zPFyAZDt2_G.-MrvCuXmzseB3S73Oe2a,-3.447999,6.3892517,-17.633404,4.8748107,22.508215,-0.6206051111221313,-0.6462569,0.618546,368.51527994652946,-2438.452392578125,1819.5564,1852.4596,874.7797,866.00476,784.5642,994.27655,303.2242,148.9433,242.42744,283.54868
-LhASzQAqo2sGG-sBOiL.-LhASnaWOec6VOjFXF1i.-LkO9c2LnxlOH7tmSS76,0.39645886,1.5119039,-1.6674726,3.8391743,5.506647,0.7786995768547058,-0.38411093,0.06500097,1364.39827522724,646.938967516025,600.707,328.16525,1117.4014,1015.8177,165.16045,119.48948,442.1234,182.26547,96.564865,39.295937
-LilnSmSyM-6usWD64ZZ.-LilnfIIotZ2luAuWpsh.-LnRNdvsYoa9nkddJrFK,-1.2033877,2.0354466,-5.0077147,3.8910024,8.898717,0.24058863520622253,-0.7635715,0.085074306,1320.0160287887288,-4223.378750741482,2356.4734,731.29254,743.64496,2691.6868,1861.3292,1236.1472,1907.7454,475.67453,1129.7745,413.05753
-LhKVtvaBGb1puFWOmgR.-LhKW39s7wkxN44JF0MW.-MK8rVN4DAsP4V4gIUBS,0.5531845,3.111543,-4.293859,9.017839,13.311699,0.973091721534729,0.5887077,0.43734503,808.9246366994506,702.1241841316223,1382.0438,1288.2455,1676.7292,896.80676,694.8219,355.86176,153.48958,95.14836,98.48495,127.96338
-MxYN_-GGjd3aJ0ZnbsD.-MxYNezJNmGM8aq9Abvk.-MxYNpfX3ELR3f6wpoXD,0.9228093,0.7066966,-0.12042194,2.7296324,2.8500543,0.7967060804367065,-0.33096743,0.049583726,768.9411283591951,1375.0279224095866,432.72488,206.41815,190.27821,409.2943,197.62048,203.50197,108.30646,60.71394,61.930214,49.04693
-N2L5E4vNd0BYiMZcEJi.-N8XaZmEkTa64ZLUpWw-.-NM2x5rkTfFCMDPeSg6z,2.3439941,0.7871954,0.7135916,3.618459,2.9048674,-0.13968130946159363,-0.9321599,0.12104654,300.6732328399638,1432.4739086826642,174.5245,133.96051,175.06267,131.73213,70.27347,53.6218,89.53494,20.536232,33.428135,20.335907
-LhASzQAqo2sGG-sBOiL.-LhASnaWOec6VOjFXF1i.-LhoFw84Cu08QhK_XSyX,4.830194,9.916634,-7.5773373,43.077396,50.65473,2.2948319911956787,5.0884438,1.8948116,1385.9806800353163,9945.3515625,4973.0635,6310.726,7595.8384,5187.552,4960.111,4295.8706,3234.7227,1084.0671,1070.693,823.50793
-MRZK2UNStbRoD7x2G9y.-MRZKApvLZAUmdWH6Wef.-MRZKNWdulBMx3Gj6cWE,2.7373338,2.271215,-1.2051748,8.600023,9.805198,0.8615776300430298,0.31978655,0.09982109,719.4515637939372,3769.6923343141875,1179.0089,648.05817,1254.4636,1166.0884,204.17068,258.67014,140.50311,30.18545,101.8683,58.33004
-LeLiaV_6NrLdFlMbLi_.-LiCBvXce-5OzfiYh1Tu.-LnHVFB9hd0TUDwvHWa-,-1.3065683,2.0136223,-5.496833,2.085523,7.5823555,-0.19585202634334564,-0.79442835,0.08088559,217.14712995691417,-1721.5008544921875,1407.1938,450.99557,1070.4075,222.29335,114.11163,227.65936,64.571945,200.85252,126.07786,63.810654
-NZz-yrFJIgMkrvvyU7k.-NZz054n-xFyIqrXJoiy.-NaBSYt0FKNL-bAnQ7-c,-1.0126867,1.0043399,-3.3425455,1.0985894,4.441135,-0.19105073809623718,-0.60185456,0.08107878,406.22468822836106,-863.5851733287176,264.61484,495.71118,127.002335,158.56107,14.896354,45.144905,34.45769,53.91774,31.686687,29.726315
-LlBEMo2wsK41U_i4Ff-.-LlBEbuAIaFAvd6Tsudd.-M4ODK2qd6jbL7fG_aSm,6.855061,5.257747,-7.435446,14.955117,22.390564,-0.8477301597595215,0.30911112,0.19280243,1285.5511504876247,15525.515625,3523.5696,853.4969,5594.8096,3810.2407,2671.6436,701.99036,231.4754,1600.0125,272.7918,305.7584
-MlnOd-lphkp0pE2p2E-.-MlnOlJjVQn78cD91CPM.-MlnP30qlcGlEvQOBlgH,2.62375,1.5398778,-1.8008606,4.65972,6.460581,-1.1959494352340698,0.9943919,0.08786969,452.46236538711383,2551.233551224073,472.00378,569.39935,675.7379,244.41899,161.7446,73.05309,53.82345,139.58467,37.978195,49.143986
-NHOoZ70QpQM7um_M3XF.-NHOojxAH2u4qid1oHyr.-NJA2VUGGeLRAQcgtuvq,-1.1981523,1.4981422,-4.5458465,1.6037198,6.149566,-0.29546216130256653,-0.54018545,0.079101205,538.3064856922701,-1663.363670905431,1114.2987,287.14435,310.66745,755.50385,185.27559,92.17928,124.12687,292.2145,141.39714,2.2717237
-M4SqIO7YE-Hu8X7umGu.-M4Ss7HzSjBR9jzR2FFp.-M51JMZsH2c9VTuInxTN,-2.1169405,2.164206,-7.3393564,0.8467246,8.186081,-0.8739696145057678,0.14597869,0.110384166,314.3987449380343,-1733.9605208834012,796.0038,858.39465,357.4451,247.15417,14.875639,37.850582,101.509575,13.0604105,21.81128,16.406076
-LiHdzI8lpqzkkuRhCf4.-LiHeFL-BtOWv8dfGtAP.-LiqyNlRJdUazm7-ksoE,-0.14836584,4.250236,-8.008399,7.974063,15.982462,-0.26569122076034546,-1.0841385,0.2365334,4124.451192323128,-269.20368198553723,4306.7275,1455.1729,1344.9978,998.1447,1641.4303,100.87661,1037.5662,279.2866,533.7315,421.55246
-NKw9Asu7GCLi0GaKhb5.-NKwBAhcudsOZY1xJlvf.-NUee0DEaflarZV5y9Q0,3.3307412,2.0565822,-0.27374402,7.670718,7.9444623,0.1985742449760437,-0.9818201,0.13297248,481.94019701983694,3351.4969361225762,499.85947,417.632,315.43256,1184.9071,130.39084,364.41275,172.02853,43.586285,148.66605,17.856226
-LfT9PcuzeyBN4p2B5D_.-LfT9ZUhyem8y37kNU5a.-LrJBuMqRml2enNOZvI9,-3.5105054,3.7220697,-14.211776,1.5155416,15.727318,-0.9310251474380493,-0.14054847,0.4451319,1494.5367736633852,-8109.707617943485,3182.283,1808.2406,2507.9893,1847.1523,1138.9993,1142.3881,1905.7379,1239.6324,1148.2297,1137.6501
-NJErXKLwkd1nbg1WAvd.-NJErcSu-bZzgcub_6av.-NYWpefHtThQy8kx-kYW,0.8729559,2.939224,-2.7108495,9.775188,12.486038,1.4033564329147339,1.2705693,0.37185287,342.58434328265525,1499.3658346558611,1384.9116,2117.9775,1150.1022,1635.065,885.68994,385.29498,606.3706,487.53683,522.0731,416.12427
-MUDIcWtRJGFt3XdDORq.-NE5IIwezb_CBOsJceZz.-NGzw3HkoYEp7s5k4e_0,0.59795487,2.115102,-4.0000453,4.1743855,8.174431,-0.4068407118320465,-0.7683413,0.22252685,456.7635494030295,823.8387451171875,902.20624,471.92255,1386.959,899.5525,559.28723,229.74286,86.91304,230.24529,126.72538,77.722946
-LpgHNP8uWIJuwB74dfp.-LpgHRFa4OU641lreJC1.-LtOaAdTYGhMTclTK9dK,-0.25807223,1.6161828,-3.3199217,1.4887867,4.808708,-0.7339569926261902,-0.98620796,0.13200122,-253.66459204539123,-84.79734802246094,339.82623,175.23259,48.917114,30.593687,17.354202,6.883978,8.275274,9.951953,2.9800558,4.5429115
-LjGBIYnULLBckx6_33e.-LjGBSWiBH-PwIJV_e8T.-LpgqMtq_gWINIt3nY5W,-1.5483284,3.0748098,-9.06391,4.7647457,13.828655,-0.21560518443584442,-0.44161177,0.09409058,1393.5525666094288,-3112.25537109375,1191.544,522.21313,3890.5298,390.63022,528.4869,602.75433,998.5719,144.78342,82.02144,335.18787
-MPhRsGVojHtbiqpeiLv.-MPhWFlWUmw-HhvktXUu.-MPhWQUCEJFN__hPLyPn,0.6186349,2.76699,-3.3031113,7.552656,10.855767,0.7375597357749939,-0.11349726,0.80864125,-77.75674299119825,423.8224016477664,1064.7422,272.3481,468.58228,436.618,208.58205,204.2576,119.14815,140.8671,120.27429,89.47207
-MKdXEPrluDVglfv7qN_.-MKdXTMUywVX796sVYZ9.-MKdXkHwgrCnnjKtUP42,8.737272,3.2008147,2.501609,15.225961,12.724352,0.2252230942249298,-0.8189111,0.19325995,530.586310353693,8529.915229320526,1184.1462,452.4731,1432.9277,959.6976,156.82568,463.21878,132.66888,101.58324,70.005356,73.86687
-N6MOZM8pLdlWxhRGNVn.-N6MOh31Gs4Y0OMQ_Dch.-N83QaSyYGHglzvbBWX_,0.91808015,1.8359059,-3.2638152,4.974862,8.238677,-0.03300467133522034,-0.66450405,0.104970574,1499.3802777379979,1687.21923828125,1307.5283,663.41425,616.3405,789.6222,1367.6179,553.15247,386.66156,334.91373,157.48778,59.80772
-Lp2EM8aD1XS0GOg_xzE.-Lp2EQVr5UMuhg1iJDm7.-Lp2EyQqjzKMpsF_CHV5,2.2860906,4.525002,-3.438472,14.5759115,18.014383,1.3354790210723877,0.9183314,0.2084651,2551.4180353939955,6785.38671875,7537.5703,3355.6448,3017.711,2277.7007,1489.4869,445.6413,649.82654,1225.984,1085.3394,401.53952
-NSKslxUDNg6LvV42P35.-NSKsqamIIfZf2kmq-VQ.-NSKv9CLAX_38IZDlNY9,-0.67053163,1.1846207,-2.9770222,0.9411093,3.9181314,-0.4367804229259491,-1.1306108,0.07110891,414.6171395557426,-538.3473017513752,270.06543,142.60892,582.6706,82.20292,23.603443,74.68881,49.16855,36.26306,24.576593,7.8001757
-LhZBIzaYFG60s-JvvfX.-LhZBsU5j78ednY_5V2q.-LpCby2TSSaJnezIX9kC,0.9283763,2.9246883,-6.21733,9.925008,16.142338,0.49297237396240234,1.0018678,0.13722348,795.5254461989239,2845.49560546875,1868.2224,1304.908,3994.5195,1419.7776,2367.258,1725.3778,2055.848,1403.5758,311.8212,301.64
-LiMfnjpZAneTtCKR2v-.-LiMfwM019--cSZgDp7c.-LiMl8Ywhc7o7nxKqfhE,-0.19751917,1.6089509,-4.5991683,2.8634384,7.4626064,-0.5734570026397705,0.11147666,0.07662022,3207.5416592262586,-496.3254489302635,1184.5858,600.5843,1605.2335,1065.7981,1353.0199,171.15962,574.56104,601.2185,192.21669,170.80978
-Lo-wDjPQe8tzw4gGTRW.-Lo-wMOOPlei7uLc-z8S.-LsRN438-ByKIEcmFuTS,-0.86473376,0.31596088,-1.6447186,-0.4232591,1.2214595,-0.8801886439323425,-0.04005599,0.050208926,284.71048368151685,-459.0551713754733,65.061714,64.03328,24.015972,53.26763,9.371787,36.068535,16.548258,17.973846,2.4616797,9.350582
-Mxn0bJrVlvmgIvfLv1k.-NJsoWvsNHrJAsX_J_ZZ.-NWGk6BCOVwvM9VuTBp4,1.0258976,2.9988542,-3.4710085,9.984489,13.455498,1.5586131811141968,1.9279399,0.4504534,211.66871160149122,1065.232177734375,1027.2638,1219.8324,646.4324,1061.9913,499.6014,505.71365,307.27292,233.47086,192.10942,82.951004
-LrJ0yu2MQVIC9mmVQU5.-NZjmUv_cMIv5q37qzKZ.-NZjmkxBSccEbpIZcfUs,-0.3204339,2.9593194,-5.1613255,4.4893613,9.650686,-0.019819069653749466,-1.3875675,0.109304905,2066.6577629676503,-612.4810964663824,1547.0339,40.09365,3357.4321,888.9112,1009.091,655.09436,430.89084,202.59035,108.18895,21.054785
-MB36N6_Jo_H_Xp9V7-e.-MB37JPcRvm_osel5rIj.-MmHbjo50LFUqzyA1Idp,-0.06329853,2.253954,-5.0744324,5.2237515,10.298183,-0.11480198055505753,-0.1271584,0.09710717,-5878.877471477061,-152.7806854248047,2459.3066,511.80093,1677.9795,1200.2045,2006.244,452.86002,522.5264,650.0268,209.70958,168.47406
-MuoqFvf90LffwLIvucy.-MuoqLQ4vwpV37d3zkZ7.-MyqK6DJXy__kvUJpuIq,0.33935937,0.7254865,-1.5715833,1.4293383,3.0009217,-0.8674173355102539,0.11770868,0.06422329,757.2663057184731,303.8258056640625,384.38046,101.82204,75.51319,135.36479,82.3239,136.2797,18.011831,21.404068,26.919603,27.864561
-Lj_M3HTF61jKiWsSATd.-LrDDIqn_SvKUqnELg1z.-Lyc5gX9WsJdMN0nYxlZ,1.3501309,2.572316,-4.6338434,5.205724,9.839567,-1.1736462116241455,0.2227807,0.1705066,269.246263023383,1207.055908203125,926.7388,945.08997,685.7563,478.21353,200.4204,258.56158,235.35274,129.5416,114.19106,32.588966
-Lht2eTXnmfpJmP58xnY.-MlP5qcZxRrE22TF4Ibj.-Mpf5ajfs2JmF6KEB_kP,0.16898233,1.2543485,-2.6378338,2.4307055,5.0685396,-0.4739658236503601,-0.51749635,0.108431816,-87.17333549995992,161.42222595214844,520.20496,475.21176,178.0827,235.96602,160.15926,281.2973,9.805579,154.46642,71.657745,32.40486
-Mm2CziuznOBE9LfxL0J.-Mm2D3KjPiosJMr03kbQ.-N0o9VBdziUtad2oXFok,1.6106526,2.2634456,-2.5649612,5.7256064,8.290567,0.06787002086639404,-1.1341197,0.08842492,969.5258677271378,2964.8423721194267,563.4775,410.26193,2574.3433,1070.937,423.98022,270.7814,26.210775,221.11073,226.40945,86.05876
-LuX9kwmV6pnBd40J7DJ.-NYXNlbbSmtff07I1-JS.-NazwZJzbffbw2MPPusY,0.38150188,3.276126,-5.825813,6.534636,12.360449,-0.11528915166854858,-1.0709194,0.0837698,-813.9829750736607,959.4188232421875,3394.0144,2966.8467,2580.4712,1729.9102,1299.2345,549.22144,928.9339,262.87778,70.20134,306.0735
-LhFWo4psMxNltfNkt3V.-LhFWuDai6yRoxydHy4g.-LiMSyS9vz0ryEau88sV,0.014664006,1.1710163,-1.8367897,3.1490111,4.9858007,1.0750471353530884,0.95273685,0.13133991,-4884.2449986897445,12.19305419921875,434.90643,113.70569,267.4857,178.34718,220.9596,65.12947,53.32024,76.5903,33.484062,41.53688
-Lsulqs6JeWOd9vlQVWT.-Lsum-cJ04yTXC8kchkQ.-LyhlHDSWpz12WMi53yA,-0.13868058,3.4158707,-7.27765,10.54018,17.81783,0.3182429373264313,0.13360739,0.26644897,-2821.385639617718,-480.3875552813212,1758.1053,6437.365,1909.8706,2047.1903,1186.0994,311.13898,766.07947,1994.7299,2106.417,719.65344
-Lt47WbLeFz0Frdnf7qM.-MA5tBz4DD0gOIWZ2qMc.-MHuYfLyv3fowfUYnI_g,-0.52320164,4.1861706,-9.61861,7.104281,16.72289,-0.03540564328432083,-1.0339487,0.318676,763.6645936850515,-1728.2685128847759,2480.4329,3130.0308,5076.668,5001.013,3030.6804,3270.114,1254.122,1631.724,1005.77216,1126.3112
-LhEQ6f252SmO0AoEZhB.-LhEQOCvLB9MXObKOHHE.-Livfo39oqMloKRtIDcx,-0.016455725,1.4181854,-1.7061737,3.3706377,5.0768113,0.8016539216041565,-0.4348886,0.09499654,-6953.655541194409,-17.84381230423848,505.1546,380.5869,570.6762,557.53284,149.84094,232.91801,103.223045,91.485634,5.188939,35.89403
-Ll6cs_2_PISse2tMbIY.-Ll6d2JxKsxCBH7cEtzy.-MtC7Yb6PYwzFgtcabVn,-1.9656929,0.9841115,-3.9845881,-0.56547743,3.4191108,-0.49307283759117126,-1.1017296,0.07973099,505.81823769056336,-1779.09326171875,258.22794,392.1957,192.6243,250.6377,111.27655,200.23936,119.412315,24.763817,25.840408,75.27077
-M6YlMcmJ-41GsXvlUqR.-M7kpA9xowtsLlS-NSY1.-MPhgJS2u9cat31GxcAU,-0.5400571,1.3749523,-3.8994029,1.6085705,5.507973,-0.9470821022987366,0.41514587,0.2705281,289.6242118445663,-197.35765075683594,168.56445,225.66351,176.06462,77.09176,33.188393,81.75724,32.625256,12.776794,37.118206,30.633362
-NHTSIH6WGEuYYUbVYA2.-NHTSNphytM8wq_yQ1lp.-NUW02qu7aEoUNB4MWB4,0.5440305,1.9748166,-3.265283,3.6470027,6.912286,-0.5388470888137817,-1.012725,0.09769666,1796.2843553026273,918.36083984375,1681.5258,924.8723,1005.04034,406.62363,613.5123,465.73123,122.89524,158.35217,136.18788,89.58806
-MchzeqXQ_NN22dEYQdQ.-MchzkTpgEjuI0QcQLGV.-Mci-2z30AdsgOBN3sE-,0.7887236,15.113886,-32.816727,36.15664,68.973366,-0.07568801194429398,-0.34289575,1.0602741,-672.4314821728353,1490.486328125,15092.194,2780.599,9571.915,5611.971,2657.8892,1328.658,2691.548,3601.6926,138.46042,258.24442
-N3TKnmASS39_DJZaHma.-N3TNrRY-7i9dZsKTiNn.-NDgcbn93fvgTAknzJBH,1.113952,7.2819843,-18.440454,14.882058,33.322514,-0.5691841244697571,-0.061191082,0.8265872,1438.3923123751758,2780.369791587194,2636.8442,1830.8795,9160.932,2377.8015,3800.5894,5281.1284,1090.1224,3695.8015,1071.771,616.14795
-MJf6y5k6g908m655NSr.-MJf73dM__cSf9eabi48.-MJf8Y2pRn8mljdMASXu,-1.7079092,2.8046815,-7.5293097,4.1324577,11.661768,-0.10929922759532928,-0.30681777,0.15414646,288.83986193205175,-1343.1355589280527,1011.8411,547.8371,980.979,344.65994,40.225445,79.00523,83.70086,41.0547,37.82227,32.42392
-NVTRcHI_DN0HFIB-rIF.-NVTRfAHONk1dEPs4Aue.-NajqBj5GcNRY6EABUNm,2.9112356,1.4890398,-0.3232134,6.04792,6.371134,-0.13311442732810974,-0.6848707,0.10216117,753.5988037470622,4075.22119140625,317.95468,582.8261,845.7726,786.2596,389.55576,316.04984,217.15883,253.89413,74.922134,78.67822
-NOEY1KbehbvKt3DY1s1.-NOEYSDr3ap9AbzhB85U.-NW1eWt9aUJkJaCOCNGn,0.18390906,1.6155616,-3.8282034,4.3492765,8.17748,0.21916452050209045,0.39268613,0.090542555,45.37206196336066,319.22795778512955,625.0724,265.49814,1543.8838,330.73273,763.70874,124.914505,383.18365,293.38254,132.34933,201.69162
-N_3BOgzymcsPXt883Wt.-N_3BT9m0QgbIAt3hIBa.-N_3BZw-QjJTJlzFj47s,0.55811775,1.4877294,-2.0928123,3.340185,5.432997,0.2359461486339569,-1.0019644,0.06537074,944.8690669977515,491.58123779296875,723.0009,117.89299,501.98267,201.00783,102.91257,119.66837,49.619762,13.894207,56.308434,31.434528
-Lhi_hQB4d9hP668bC18.-Lhi_pFqfsm7Fzt3bPH5.-MJVckR3hFrnud-vCpXB,-0.9089156,6.264381,-10.520425,13.195931,23.716356,0.4129713475704193,-0.9810548,0.21879387,2501.5076610320825,-1327.0517578125,5243.113,1580.8613,2709.09,1798.0902,666.2943,713.80963,62.572544,677.41144,147.31258,219.25075
-McE1oz7o-gH5vQsbCKZ.-McE1qL5j6GA_l7lyo4G.-Mk6BH8HkmN6NhX6GE35,-6.784695,7.3915267,-16.590874,8.199779,24.790653,0.3204219937324524,-1.3051604,0.85776764,872.5874041597447,-9981.170106132826,2625.8516,3527.3745,5213.1763,2303.465,1210.8887,1361.9648,922.3379,937.3159,747.78577,649.3977
-NHOoZ70QpQM7um_M3XF.-NHOojxAH2u4qid1oHyr.-NTD4fZxGoQnfkbjIgsR,0.96258247,1.0774695,-1.3423584,3.192492,4.53485,-0.23118096590042114,-0.5742066,0.09212369,392.5572112700896,615.6562008410692,123.523605,73.69251,413.9717,173.18878,111.31974,39.054123,15.599726,18.792812,14.478199,22.736437
-M-nSsF_i78yWKTU6Jpi.-M-nT7byCCsOazYBWWQx.-M0Wa8mJ-f9p17mjcz_r,-0.10863507,4.6184163,-7.6430235,22.562849,30.205872,1.5745114088058472,4.2944336,2.501542,4161.604091595535,-373.4253845214844,2264.6482,2325.4077,8625.432,2327.7861,1643.9774,1440.4316,1117.0088,1615.6586,1614.1027,705.1644
-Moh5mqOGpsYy_5lzQFG.-Moh5xBnf63CZd_hxNQR.-MraWeSodS4T7DlwXn-E,5.083796,1.919004,1.8762295,8.345163,6.468934,0.09729934483766556,-1.0614992,0.16373658,457.8765654384173,4750.4130859375,532.1726,807.41113,674.369,263.47324,137.4949,330.4651,97.83334,43.69597,36.23398,40.81411
-LkXdHJF83_HuTFp1rKX.-LkXdNOQzzEmDdZ3ixjQ.-MKZAKhkmCHveZ3P_Bcw,-0.5183459,1.8693677,-3.9862049,3.648338,7.634543,0.1390640288591385,-0.46109915,0.13981092,452.8399561445021,-515.8751772244772,206.59929,337.6072,1090.543,540.36426,198.23529,99.22536,79.84481,135.9072,70.51744,103.02537
-Ll6O1Drda67zTGbu6UM.-Ll6OKVLeAg2rdgD6T96.-Lu7A_Sq8u5_uk3REkPp,-0.14291835,1.5294056,-4.202843,2.9043398,7.107183,-0.6550609469413757,0.56135774,0.08413243,1336.5417999651168,-439.7400817871094,1857.7245,1379.7831,871.13934,1754.9083,701.8789,364.50085,151.99551,296.7359,530.29626,45.315197
-NhkS2pT31fP7zNib4g2.-NhkSF6vhQkOV34ZxTyL.-NhkV_iYcxkqTKH4DIVd,2.1315782,9.35359,-14.001726,27.347643,41.34937,0.6590960025787354,0.36795425,0.82510495,2020.2841445226982,6891.94140625,5179.3003,8473.308,8800.282,6601.205,7527.002,7228.086,5749.492,7123.577,4589.504,2091.3706
-LhA7iwTeQapDTyS-SYT.-LhA7u7fdAzf-Ce6-nAO.-LnCN9hwR_2FThd-KuNv,-0.11226207,1.3365508,-2.9480884,4.0811763,7.0292645,-0.018591444939374924,-0.1683023,0.42639935,1177.2471502591281,-562.46337890625,582.1722,1564.7094,1219.5571,845.9464,1385.2278,1954.6239,1713.5752,1189.8832,1191.605,901.75836
-LhKVtvaBGb1puFWOmgR.-LhKW39s7wkxN44JF0MW.-MKdcMArR_-wYJlwwb6C,0.65353096,3.085757,-3.9704213,11.133485,15.103907,1.551112174987793,2.640871,0.16848099,620.6211723271981,1429.4976787169774,2478.213,965.4338,2367.6274,1605.345,2458.7268,736.4479,722.7242,85.94596,247.27159,377.96548
-LrIRVq3IK3HG10yEBuK.-LrISdQltvo9B1C3m_ci.-LrISiHYbb9HXNjyONl1,1.568622,1.8884428,-2.4861329,6.4216933,8.907826,0.2731768786907196,0.12787318,0.214643,463.11395924611804,1326.44384765625,275.55457,478.94482,725.1269,468.65222,398.94138,136.32303,56.585827,80.762924,154.76617,85.86457
-MRUA729OiKXXyHBgHAJ.-MRU8BEsz4ELk9LiGR2N.-N82pagPlhlI9csfNzIP,-6.680408,8.934509,-19.509413,15.650926,35.16034,0.8739760518074036,0.16416836,1.5510652,493.95591071383086,-9183.8359375,5541.2983,2256.6138,4818.9683,3085.6853,1373.2958,1075.9774,192.38931,316.7587,848.69806,427.2558
-Lt47WbLeFz0Frdnf7qM.-Lt47aFOlKM6fxX6e0QG.-Lvnv5SKJsJSS-zntQhL,-0.36614925,1.0590768,-3.364471,1.4768442,4.8413153,-1.0844566822052002,1.1962199,0.07145715,913.0909242489934,-471.21142578125,600.162,214.96056,583.04724,296.90665,256.83456,113.65279,44.652714,108.98442,83.953156,18.354427
-N1HyPmDE0QTEp92yfCF.-N1Hy_lxGTSOVSsrMUdr.-N2QDiw5j0DVqB_7wMGN,0.23814893,0.94857657,-1.2401545,2.6044579,3.8446124,0.4011341333389282,-0.60077715,0.06649387,602.6798857235367,228.64080810546875,182.25714,282.24362,422.27643,248.65604,189.55353,129.74693,43.74099,12.082897,23.622671,60.114338
-LxPzAAXRuoplPdr-PRR.-LxPyKw7jx3j1Fa7bodz.-LxQ3ybgvJRiyWDsnBuB,-0.1357455,1.2202374,-2.5930104,2.7068882,5.2998986,0.030556418001651764,-0.4033401,0.08518398,379.48623097731104,-121.85666000843048,145.10573,429.87033,609.49677,4.84611,153.92384,90.170364,42.788723,27.856703,37.122528,79.8461
-MK3thYUGilXbhGZ19HG.-MK3vgA8wO0JHrGNJ_h1.-MR3x9b6NLY_iKEYAMqy,-1.3496108,2.4894738,-7.0775666,2.974785,10.052352,-0.2548668384552002,-0.7742007,0.18611622,806.527005856048,-2462.710693359375,218.30002,810.75244,1964.6421,1794.8835,1071.8024,834.267,412.87125,599.0246,183.17447,123.0499
-MqJ8RHnrbz8Xti1wHHb.-MqJ8bJaFrchCnNhkMlW.-MtlVyIDuoYzu2BTdG_e,2.3641996,2.0550525,-3.1017716,5.3313913,8.433163,-0.838139533996582,0.4264903,0.22073472,551.7217333550531,2176.95263671875,417.46866,288.90125,1093.3656,489.59387,279.27414,87.200874,66.46983,42.660713,31.852484,25.983786
-MpBDMbsdyhcLwWL-L3_.-Mt7fdp0qQ3obDoc3oor.-Mt7fjt__fuWdPNKJ9iX,1.2330335,1.4399168,-1.9415587,4.0640717,6.0056305,-0.1376941055059433,-0.57736707,0.066533685,1047.4651728093947,2105.99755859375,506.64343,588.64154,1257.0142,619.51324,400.61493,411.87485,203.90611,213.5207,76.35119,64.90457
-M2bvo-7AnonkE8qaqvj.-M2bz8ZiOLFfos1iTm0D.-M3eI7Y6Zofky9Ar1IJE,2.8785226,1.1590912,1.2994399,5.4499736,4.1505337,0.6852405071258545,-0.5950248,0.06524289,479.9760569903757,3135.2421875,762.31213,335.94183,247.13629,28.549227,75.72979,53.07048,59.246693,129.99521,48.95186,35.680458
-LrNwFM7Bq1GLGS6csFQ.-LrNwGhhOY7XWqRLPipA.-LrNwumSWi--QDFYMFUE,-0.19724908,0.77121216,-1.4083177,1.225848,2.6341658,0.1629018932580948,-1.1589814,0.0836111,414.3799820671285,-67.89727545296773,165.39114,65.28797,7.7408013,37.289654,35.84055,13.525098,19.339262,2.507997,3.2612863,5.402988
-Liq_w4K5UDKsni46WKd.-MIJ9YxhIJhizHAqd-nT.-MJBOyNOcqoSOeSaxomx,-0.88304317,0.89783317,-3.0052857,0.39454147,3.3998272,-0.8251165151596069,-0.29890108,0.06976333,514.9169517605452,-969.647862052933,388.45557,161.7564,447.8696,244.91002,97.66563,118.2947,32.665375,64.02536,22.886992,105.15171
-N0FhDYqiqHH31WXQzTd.-N0FhWIWLlfhNHWd_LCQ.-N0jdAeJSjTiSulu21mw,0.44661745,1.4916959,-2.3735025,4.0649385,6.4384413,0.4499727189540863,-0.17814946,0.067877725,1969.895403447749,824.4989756743113,1168.5358,605.2136,365.47342,570.90656,982.9978,765.4668,79.43929,101.80232,157.65118,41.71163
-MNSHjxn7GqIJ4AHx9Bc.-MNSHwnOue9OiHyY76ze.-MNSICw37qjxiAIhOIO1,-1.0611862,2.414495,-6.217908,4.2610407,10.478949,0.09193646907806396,-0.46291685,0.18785846,1193.2104564432334,-2822.9160709679127,1123.5178,1472.076,2924.2559,465.24902,2378.1719,358.41516,795.3178,257.74463,783.4734,743.1871
-LkXdHJF83_HuTFp1rKX.-LkXdNOQzzEmDdZ3ixjQ.-N3T0aDX6IFLpsjTZeLN,2.377914,2.6536744,-0.4445618,8.182112,8.626674,0.8379377126693726,-0.476866,0.601876,52.21388766011489,353.38009051481885,231.51619,146.76692,41.425354,60.741695,19.077658,5.6976233,12.346263,8.775951,9.677831,6.5328627
-MfqQk9rlT3xf39lOVf8.-MfqQznhrKIfXEo5_v3e.-MfqRMbc4KrppHu0hcVS,0.2949433,2.3434496,-2.6831064,7.6616516,10.344758,1.0298386812210083,0.4503529,0.30797768,351.83880942509575,646.2192180802425,624.15094,550.6865,2550.2507,1680.6052,1350.7859,436.44748,581.03253,553.8956,244.62372,176.0424
-LiHdzI8lpqzkkuRhCf4.-LiHeFL-BtOWv8dfGtAP.-Lkx936Duhydd8SbmLdl,-2.9653864,5.1046095,-23.74806,8.065672,31.813732,-1.1429330110549927,2.7134972,0.37526703,2964.8946203073847,-12686.022008736929,4917.699,4514.094,10600.968,5286.9526,2300.5105,4637.181,2997.565,1137.5531,1653.1831,1106.0011
-LilnSmSyM-6usWD64ZZ.-LilnfIIotZ2luAuWpsh.-M1ZufJmAyHCrQ68f_gK,-0.38921207,4.2001724,-8.3357525,7.070527,15.40628,-0.08504882454872131,-1.2652824,0.23678508,1644.4544974187545,-1164.8903609116871,2795.4758,3583.2754,3242.0166,5015.5615,2825.561,1805.2814,2055.5044,1384.4504,1567.2297,664.7395
-N7KVvQxiKGYdJgYekRT.-N7KWG4oeEYXhqqUQ1jc.-N7KWJQser861cYZjirH,1.855018,0.9115787,-0.99336404,3.6361926,4.6295567,-1.0428824424743652,1.0178146,0.1609366,561.4700485164504,1893.6453318794568,70.89704,339.36472,237.95863,284.50583,215.28278,209.4044,102.98219,185.46284,162.86792,70.20453
-LnRUo67yQGOfr1rPlTl.-LnRV1KUjTGqgvA7Sow7.-MCM51lXJP9ioDXHTRWv,0.48292097,1.8990241,-4.2826533,4.517308,8.799961,-0.16280920803546906,-0.15137315,0.061322093,2080.9590857147123,1370.0998743971188,1241.9373,620.97516,2504.2888,1379.1519,1524.2748,224.5195,1256.0011,319.25916,180.97699,240.91039
-Mr1XNDk2MP8cAsGvHca.-Mr1X_f-Zk3BoK3QLw73.-N1IiMcvp0YDn68ip5qE,0.27064586,6.1036954,-12.293365,16.839094,29.132458,0.12071425467729568,0.27468967,1.0566272,-1075.1708926466085,260.49121296902496,711.36115,902.6322,3071.9453,2102.4045,1010.7087,646.536,240.95491,277.24643,209.64192,261.38467
-MSgRsl4gML8MsI1F1gD.-MSgRymy68EVYwlpns94.-MSgVIGb1TA6Zt9TrSgg,0.04016147,1.0799507,-1.6784997,2.4280512,4.106551,0.34980273246765137,-0.74191475,0.06441507,-0.6432906897540679,49.445709228515625,185.57367,188.98268,795.27167,220.99593,174.08078,119.52461,122.41906,51.489105,52.961002,43.79659
-LrIRVq3IK3HG10yEBuK.-LrISdQltvo9B1C3m_ci.-MuFFLLucecrzNx_74JQ,-1.1973462,3.562429,-10.418346,4.316103,14.734449,-0.9239670038223267,0.49610472,0.785709,117.85291869661583,-557.5397147536278,565.74426,505.0749,697.31555,186.83328,447.43253,228.731,164.76166,45.278652,55.357098,47.43399
-LeGC3EwPfb82NnUGMCl.-M9N9tvEz5XJvKf9pBur.-MNXcXwAHd1kAKRGf3mM,2.464395,4.1744947,-5.056152,13.594727,18.650879,0.729114294052124,0.7361922,0.5276866,616.5633332176458,2375.52197265625,1414.5009,1461.7766,1631.9348,790.76514,494.70227,455.11658,133.29967,178.64607,171.32768,192.4653
-MLqdCWMn_JV8RGtfZlh.-MLqdKJ7YK4qvKj7n7p8.-MLqdaUBAFem3DpLZOAS,1.119764,1.9204787,-1.7480891,6.1878047,7.935894,0.7540014386177063,0.037173986,0.08040154,743.8169107143001,1603.6879360949,712.9755,678.6575,1476.1438,278.3595,586.3502,371.16833,92.92429,83.881836,158.76575,82.515915
-LjL053LDwz53ECJceWS.-N540VO55kQEnAVpIHhw.-NBv0wLWB02SXaMMNHQN,2.4431045,3.417084,-2.8004878,11.228465,14.028953,0.43827664852142334,-0.4904163,0.86738396,473.17690212735516,1903.0453170935314,433.85974,932.84143,657.7155,493.74176,684.23914,433.27905,142.12886,857.0164,184.11502,423.19595
-N1bxw0ga-84Cy1gXwBs.-N1by8Vw-hHCXM2Obfak.-N1rfyX6OpygDhnAK1lt,0.5589406,1.2046156,-0.9926646,3.60699,4.5996547,0.6246681809425354,-0.6216819,0.06283045,677.5983616862276,862.7681719064713,757.0573,466.70493,645.87964,503.88376,366.66406,73.270454,152.7868,259.39224,88.47307,30.40977
-MsEbiGjx7SGAQ4x_uhj.-MsEbuovMjA99Z_1HoRL.-Mvrndv_HE6wH48ZX8JC,-1.7110397,3.8156748,-9.068048,6.899267,15.967315,-0.1802060306072235,-0.5297203,0.84344804,943.1077232659342,-3664.8977374235787,3596.469,2114.7822,781.5538,488.11752,2135.8296,1478.2229,1769.7968,1668.7947,246.8088,413.93152
-N1HyPmDE0QTEp92yfCF.-N1Hy_lxGTSOVSsrMUdr.-NAnTpvp7BkYotnOQR49,2.0084512,1.1045398,-0.37998405,4.5977755,4.9777594,0.42542773485183716,-0.13651133,0.09959483,420.73716110466825,1933.1312255859375,396.48276,97.35394,413.97476,443.20157,78.43194,114.06503,19.202301,47.244934,61.668106,49.04892
-MyLy-p6I5JtXFr8GZ9a.-MyLyReKVUtSmV9XyWNE.-MyLzG5BgF9F5MxZF-Ra,6.3756833,2.4154558,2.7724242,13.68758,10.915155,0.6750919818878174,-0.058963537,0.3370571,532.2281174100152,6404.544428348541,826.9438,600.7058,517.9661,1042.5287,307.7086,331.87802,299.91357,301.28345,221.52544,286.7818
-MyRA5azWuzP51a4EIV8.-MyRAOH7tWvq23jsFUF9.-MyRAj5wf8JnIlD9vKIc,-3.4109538,3.958468,-17.556765,2.8743987,20.431164,-1.0549143552780151,2.1726594,0.9845731,651.0140034767159,-3717.245719174544,1673.3219,2009.1625,835.9114,232.76108,420.55392,450.07376,450.80466,261.58328,507.546,434.06815
-NjH4CFbDcUZRALH_d4L.-NjH4LROSG6Cdz3ZZz3Y.-NjH4RV8alF7Syyu_Qrr,-0.8757849,2.6879094,-4.95292,5.244621,10.19754,0.5708614587783813,-0.6181929,0.32595915,194.35985252085746,-1108.549996492453,1605.2588,1508.2921,248.87419,736.4362,250.63708,264.53033,111.037926,114.70758,209.38075,110.58835
-LhtgDx5KeVU6cU3K9Dh.-LhtgZ-OCWFD-YL8GREj.-M7lhf0cHjdaXQ_LgxCl,-0.23734929,2.1235266,-3.4466376,4.947452,8.39409,0.8143633008003235,-0.15515375,0.12255454,-970.1351121325391,-553.3499755859375,364.44794,953.17834,2621.161,489.32523,728.4835,1476.9855,484.54358,212.24982,583.4514,497.36423
-NHTSIH6WGEuYYUbVYA2.-NHTSNphytM8wq_yQ1lp.-NMDGcB0ItUbF2GKCEEf,2.5379224,3.0173936,-3.5519311,7.5216265,11.073558,-0.29237112402915955,-1.0250567,0.13744843,578.8705974217082,3480.8602224588394,379.18552,890.54724,2263.7668,1431.423,479.13095,150.65948,286.68936,68.57583,172.63097,186.24884
-Li78_-q6o1fQuak5tjs.-Li792Lr928udbQJoVff.-Mx8UUUT3gIMlOiwUt1d,-0.15717816,1.931921,-4.57295,4.0728207,8.645771,-0.07435048371553421,-0.18927765,0.23551409,-671.4454432019302,-210.22533701856932,1060.8025,240.94482,1150.1226,327.33813,316.50015,646.7869,234.88103,111.557014,60.57603,146.53676
-NLQ9ArLNPOU5ZK1WO0d.-NPvYMrvoe8cuuy6-iDx.-NpsRZd0ANmO7rB4PJr-,0.5157297,0.5924122,-0.8618169,1.5511916,2.4130085,-0.5131431221961975,-0.19534206,0.063474804,326.7148529810488,412.3589141865571,20.246803,217.59048,223.58798,98.50773,42.347683,33.73761,2.125911,10.21619,4.6085186,16.821419
-LrIRVq3IK3HG10yEBuK.-LrISdQltvo9B1C3m_ci.-MAAVYn6evjU-yozVeI9,-5.8925385,5.3712115,-19.26626,2.3459456,21.612206,-0.9126890301704407,0.3133359,0.31220293,730.7187013068055,-8173.765779336293,1986.8671,2306.76,3655.9395,1476.2057,984.9777,881.7583,535.1391,703.5755,266.48987,485.59308
-Lzkvpt62mPR7dOHCFd5.-LzkvyqOg2VeZxImhDMt.-LzkwVMU3IqjfnPOzkox,-0.5286786,1.3142816,-2.774046,2.0498168,4.823863,0.1556442826986313,-1.1219927,0.078018814,687.4328687200097,-732.2353233893713,730.95544,291.97952,220.72227,230.84657,701.47974,452.07938,441.00665,118.99684,136.08223,59.75946
-LiRv59cby4dDJ4r2Pt8.-M-hzccCF-S-YfW3Kznz.-M_dd0tprnORCi5muL7O,-0.43652883,1.2365007,-2.391713,2.0267122,4.418425,0.6944090723991394,-0.5822079,0.14323623,245.42659998226682,-150.16195678710938,181.56348,215.26047,85.88752,54.992065,28.402939,11.985643,8.07019,11.860448,2.8155897,2.625178
-NHOoZ70QpQM7um_M3XF.-NHOojxAH2u4qid1oHyr.-NM3LDWc4KlwrD6uudPS,-0.05166386,1.7263302,-2.8198974,3.2248282,6.0447254,-0.049214087426662445,-1.3518975,0.0888921,-2762.27243747043,-70.0974349975586,479.10205,47.531048,1390.826,222.40184,652.91486,140.16763,100.20438,129.84349,52.64459,66.80359
-NR2WSIOzg5L6SxWdsoS.-NR2WYUCM6IW5bBENQ8a.-NTSvLrQmBpf99meUQaV,-0.26511744,0.9744293,-2.6610174,1.6619416,4.322959,-0.05886734649538994,-0.2993636,0.054382265,374.2540106812909,-250.006103515625,468.81842,273.86948,265.7894,214.54184,71.64318,53.373123,80.70704,23.430212,7.0157113,38.583557
-MrvB23uSUAm-tDe6PEt.-MrvBXzYZhAbG36OawCY.-MxnWBQN3_fKOnAB2gWB,-1.2025259,1.46393,-4.628279,1.0061945,5.634474,-0.6286000609397888,-0.81779265,0.12245685,712.5237064686388,-1421.8475341796875,125.60773,621.32794,770.45685,310.61267,559.8841,161.51491,135.79332,153.54631,36.45384,129.81598
-LjL053LDwz53ECJceWS.-Lo-r9zciba06Hi4D04j.-LtdGrU1tpNLa7XsJs12,0.21155168,0.55560416,-1.2815102,0.95054907,2.2320592,-0.951937198638916,0.3599367,0.05443877,198.38500852960016,166.05692214518785,175.73969,76.40557,217.21008,83.36207,35.511738,27.973093,24.168175,12.196373,20.104565,9.661939
-M-EcflhxTluQI3uygcN.-M-EcnorU5h2mkOg2Tu1.-MA_GJ4W8EuaNxMjGQvY,0.051397577,0.71519595,-1.7272389,1.5289766,3.2562156,-0.01696990802884102,0.17629504,0.22437009,-296.08887148877085,12.098141461610794,30.72555,37.731915,70.65014,57.132156,15.453634,22.160086,3.553497,6.8138924,5.307762,4.6839604
-NNGj2XrOkY_edlhOe5h.-NNGmoaRsWzNSAGOYWuV.-NTSOT_cwxMxh9WFrnk-,-0.1642704,0.40772912,-1.1598097,0.8642299,2.0240397,0.3071528971195221,0.5007539,0.08504078,303.709417670315,-68.84585504730542,66.49565,80.8982,35.455143,40.24238,8.806182,20.605148,10.942994,15.121513,2.715491,5.605356
-MHuT4RKvZO7CuS145Gr.-MHuTN_dAamozJjD6mDF.-N7Pq0d_Qn3Rmf4KWLcC,0.73570555,1.717279,-2.1313558,5.6475964,7.778952,0.9152469635009766,0.6459911,0.10767278,1260.51855733258,1335.9405775765579,880.14655,287.18994,1781.7942,565.7424,393.51468,410.94153,84.71467,103.07061,131.05376,70.98335
-NW78PWy6TSgtImlF19K.-NW78V76ftDp3uzB-n4_.-NXEydJZXXCeXpI8frl6,-1.2303071,1.5829662,-4.7487354,1.5174916,6.266227,-0.1404125690460205,-0.642184,0.08763754,632.1022431337806,-1466.6644287109375,514.96893,241.11374,944.2521,511.9271,491.9263,143.8175,70.68217,180.84648,24.673908,20.140167
-Lt3iDLUZ-PbPWSObDDV.-Lt3iH_vuVIDduIOvraC.-N0jKzjWKbj64zwnbb06,-0.35023415,1.0034645,-2.2111013,1.31703,3.5281312,-0.2593907415866852,-0.89513874,0.08254081,271.777210175074,-184.4911346435547,329.5941,104.11801,127.08215,40.656563,57.231236,15.73163,35.120922,17.195087,12.672531,1.6671883
-MQkcV6KOa7o8NUs2CPS.-MQke2vfyfceyyYkx9lW.-MTZfSUnlRuLrWT9njEa,-2.5204585,3.7047484,-8.874887,4.7419024,13.61679,0.044466596096754074,-1.0023167,0.24575233,877.1913821169816,-3730.9319556951523,2352.116,2781.3298,474.158,850.69977,655.8638,195.327,382.52887,57.26806,170.63644,187.35382
-Mxn0bJrVlvmgIvfLv1k.-N1rMpytXdO3M--1QE86.-NlbGS-V1KY11NHwEzP_,0.33516565,0.9943735,-2.3264291,2.34199,4.668419,-0.48140570521354675,0.2957437,0.05949545,936.0868271246217,452.92752463122207,192.18327,127.77474,527.6155,625.7315,361.5842,158.91107,68.078476,124.599236,33.987823,50.043198
-ND7BsUwXoyq3Y50pjun.-ND7Bwwtaf0GHaZzEl_w.-NDgDUiZ12JMEJ2Zjkb2,-0.20697325,4.0388355,-8.651078,6.5869946,15.238073,-0.207792729139328,-0.9142506,0.25428402,3238.447967273588,-435.26824951171875,1611.4064,2352.2163,3652.1904,2315.602,1473.593,1904.748,1054.5061,516.9245,1079.7738,374.61435
-LeLARl6cYWbEMnS6aOi.-LeLAYdDy8QM1wwAqCtg.-LeLAwxs5XJTtQ6nlGYy,-1.41755,0.8899239,-3.257164,0.60305667,3.8602207,-0.053668439388275146,-0.31849027,0.05398321,508.03695419425395,-1547.3154296875,254.28735,470.7532,112.93101,86.2611,351.08606,23.391949,174.13571,9.162129,77.870186,29.92899
-MYEQzR3ToSh4GRLSIMW.-MYER3l2D2gbCmUtaz6K.-MhNPoAWv476i6achP4t,3.2042816,7.792735,-10.978273,18.77932,29.757593,-0.10731636732816696,-0.9052024,0.41399074,411.3858414486621,3412.140602926413,2342.3293,969.49066,3852.9211,3004.6,1284.555,1143.5118,904.0775,288.19736,264.65033,395.9982
-Lht4CvAFBwTF_xdonEr.-Lht4RBK04XMdlX6y3VB.-Lht562WeIE6JObquuqh,0.5991864,2.1938164,-3.6517763,6.12387,9.775646,0.4695013463497162,-0.106057405,0.16648412,2753.9872939489023,1371.50048828125,2060.1355,1237.0094,773.36017,543.1909,2242.6414,600.68353,187.0092,336.62018,183.35033,176.47302
-LkStkgOz4aCQplRjDVI.-LkSu-v9GyFDvJPWbbAu.-LzCBI4tUC5TzkHAJS_P,-0.06676196,1.2752239,-2.81118,2.9450417,5.756222,-0.004798326175659895,-0.49885583,0.06406236,-2490.9878871610827,-74.14208984375,734.59424,439.58337,215.13127,406.0981,204.73343,47.8326,53.07117,45.53806,38.630394,91.45449
-MmMfrxxmPDYB9YFZLl1.-MmMfzM5DZGM600rmMmi.-MmMjnbl32DJpU8n9PKh,-0.5473662,1.46101,-3.7158296,4.646171,8.362,0.6714215874671936,1.2907343,0.38577747,675.5787724143032,-850.7907072703043,587.304,242.08301,447.76218,485.94424,361.3743,884.55597,545.7324,292.00992,313.7479,262.735
-MdWWP1s7V6rMA2nYCSS.-MdWY6Qm3LM1sjcWe_vy.-MhIEC0efOzV1LoMR0o3,1.4876521,2.951205,-2.622601,8.519542,11.142143,0.5314803719520569,-0.69063497,0.10699296,837.0830276445681,3062.2320096095405,935.22253,1924.9171,3186.2068,663.23834,1007.61487,332.87924,1258.7688,399.7958,446.32727,261.80234
-LnHernN_fpHMmekEDg6.-LnHf-cbftVM4CTskSYH.-LyDxc0u2vbQOE6ENLmJ,0.5997529,5.625232,-11.743342,16.811419,28.55476,0.2735050916671753,-0.38346148,0.76827383,5110.309354380658,2734.43798828125,6339.56,8077.9395,6678.3164,3378.81,3523.4458,9551.174,4582.656,3390.5293,3032.7383,546.18616
-LhFWo4psMxNltfNkt3V.-LhFWuDai6yRoxydHy4g.-LkY4-NLD5B7mXaueiR_,0.005207599,1.0667595,-2.5921319,2.4101002,5.002232,0.21224550902843475,-0.21600342,0.059227496,-8789.778941265442,8.674098014831543,106.7518,367.81848,15.857323,1109.4728,498.4105,274.1007,162.47011,211.16818,280.80435,162.47195
-LiIGVqcFTTU_qRCRe_m.-LiIGw_v9C8CeF8ppOnF.-LvjBg-fGPxqD8vMrZsL,-0.27106857,2.089714,-4.8317437,3.6314783,8.4632225,-0.10618481785058975,-0.8918066,0.22206597,-94.79984308635332,-677.2707897027334,1383.4799,156.09074,2382.2412,1678.531,1455.1738,604.2186,40.566685,486.47482,238.26787,265.72888
-LnHernN_fpHMmekEDg6.-LrsEMc0TBu1X-ESuAtq.-N2ziLYENwuFcsitPria,-1.2224318,3.7755954,-8.011538,9.989109,18.000647,0.041167523711919785,-0.7590146,0.8559673,1818.8663617268317,-2693.8484756151834,2376.229,2123.084,1272.8363,3092.0054,1936.0879,2159.1482,1320.0834,713.1938,337.13162,742.9192
-LjLIVhvROwcA1ZfxIW9.-LjLJ5zm6OHeP_dHzoPJ.-LzvYWl-w6wehjI8lMEV,-2.1702688,1.192328,-4.0954113,0.4425997,4.538011,0.30348631739616394,-0.5435238,0.13138798,147.36388307994372,-562.1724180976549,159.23602,122.5519,50.2635,59.69641,37.764305,6.349544,8.091717,1.1082095,2.748296,2.6922936
-M-EcflhxTluQI3uygcN.-M-EcnorU5h2mkOg2Tu1.-M1-aZP8o03nYmw3wVFA,1.4663187,3.9806538,-8.746085,9.530455,18.276539,-0.03889904171228409,-0.19260025,0.15262222,2906.274905095476,5212.4453125,3528.343,4034.0427,4526.7314,4329.683,4113.3726,1953.5981,1788.666,861.5949,341.05167,1425.4563
-M8KXY4WYZ2GscL2GzQm.-MA5S0MpiYEykxyrZWlg.-MBn4rfxv_J_XKgXnPh0,-0.6035617,0.81746423,-2.4842405,1.1563921,3.6406326,0.1229570060968399,-0.14018416,0.08502353,530.3858543757275,-472.5414967785279,175.27982,122.89443,312.1125,171.01054,126.75284,81.91315,68.22552,58.45039,20.121126,9.17358
-Lpb4l4JaXOMbKBkV1QN.-Lpb54poILQk_X0NWjpM.-M1Zsm2eC58IVBT_tgb4,-0.6095975,1.3224077,-3.156847,2.2677464,5.4245934,0.2692679762840271,-0.7573037,0.070471965,787.1602500974477,-981.1315102974573,308.41602,1180.6206,596.66736,112.3629,270.45987,351.20853,303.53583,242.20872,120.510376,36.538776
-M35rpcnqO-CvrquEW4i.-M7lWHNl0Rjf5gnSmFYt.-MA_n021QAbGEwcWM8NR,-1.1590784,3.369455,-9.075322,5.7032647,14.778587,0.31919071078300476,-0.7690408,0.48511553,543.867824416974,-1174.52392578125,940.1114,467.183,1914.3572,628.5265,622.24097,294.0872,264.91495,100.69848,203.61304,38.509293
-LjKgGdkHaVkuMmXP8yX.-LjKgwYiF004aEi7e3qo.-LjKiYii-wohAp9YxtZa,-0.16795634,0.7327411,-1.975128,1.1119186,3.0870466,-0.3970116376876831,-0.322675,0.053742543,676.0845073975621,-188.95180583000183,224.50508,147.9343,336.13046,335.3497,164.79135,58.257423,97.88538,35.61735,19.612843,47.176926
-N54AzlS6z-DZQk1eMev.-N54BByvmb7JrmRAsIAb.-N7-aVcMl_znc6lKWMHz,2.1094322,2.2950006,-2.301517,11.329178,13.630695,0.8207486867904663,1.9247441,0.8371167,580.9797241059437,3070.268310546875,727.84827,891.0711,315.61615,1545.8325,693.3812,538.74713,263.0389,501.79843,349.35263,398.33066
-LkTO1CuQrlaMdFEn_ar.-LkTOAdl4dn0YRMx1iA_.-LugFzojkUIhww63HK5t,-1.1146495,2.311493,-5.9877887,2.3705728,8.358361,-0.4858907163143158,-0.76555085,0.06244099,570.6337348528249,-2699.5783107168972,2719.3438,486.7647,1477.449,2037.4136,995.14813,325.16318,336.71207,309.60303,327.95544,283.33127
-Lv9hh-a4QVyzCd8GNgW.-Lv9hkjUsctU0WHEm7gD.-Lv9hvvILg47WJKnORXm,1.888413,3.3242216,-4.008284,9.179131,13.187414,0.11572035402059555,-0.7650726,0.12717128,840.3889834285642,3100.82958984375,930.0435,1147.3109,2876.597,1231.229,1240.2766,989.813,319.06998,477.4018,177.08835,65.16918
-LsVlMLffp0SgAp0tEX8.-LsVpvvNc5iRCKfLMuPm.-MNgcYP4j81WOPREawq0,0.17323717,2.2377381,-4.2805204,5.6836796,9.9642,0.7171502113342285,0.13370275,0.12712294,317.13898768238624,215.40011115868887,1009.18506,871.9511,1102.631,723.2237,309.1652,543.51996,266.75513,247.54341,36.07268,124.248566
-M0Rz80b9K9iqsicBhqD.-M0RzH756vTHuJWbNKxZ.-M0Rzdb0DSqpagDdoJoL,-1.1058391,1.2191092,-3.134145,1.3262038,4.460349,0.16145671904087067,-1.0819417,0.09765744,402.29790604851706,-1012.033749361833,317.31802,332.59393,326.7975,480.9742,76.36992,229.34445,79.09597,69.4196,10.804136,29.564207
-MCkDtWL0R0OW2mO25Wh.-MPmqt2DeYth7WEKSKIM.-MiPuSdbsEzQlmStkWXb,0.022887355,1.3966213,-3.5989227,2.0863845,5.6853075,-1.0853368043899536,0.5932238,0.08760452,-4537.892632773334,22.446637014547985,366.07468,476.65475,517.2964,244.24863,36.449905,36.785534,23.333845,55.87575,35.854637,24.233547
-NFx1p1XvkqbHUf9e00-.-NFx1tOYtcuravDf15ie.-NFx1xyNKCmhwiTbTpie,-0.9926767,2.5408058,-4.553981,4.510374,9.064355,0.4613089859485626,-0.82248497,0.079693556,754.6477590459253,-1773.4599609375,1512.0432,736.36316,1953.0824,1646.6444,478.62338,661.4398,257.65598,149.76143,197.08485,198.62689
-LhKVtvaBGb1puFWOmgR.-LhKW39s7wkxN44JF0MW.-MPrqg0LoHEOeCMD8lWw,1.0089344,2.2337368,-1.5731407,6.789485,8.362626,1.1316777467727661,0.23705292,0.13707486,281.7022964158874,1318.436909755071,1398.6631,845.1363,798.8956,756.01733,442.21362,182.27959,159.1306,237.05927,160.04654,94.18523
-M2mSfdQtO8pXeIU_U3S.-M2mVMCyuneWOSXRsKsB.-M2mVyfc8-lSz8efdwxf,14.539455,9.570731,-4.077096,29.232924,33.31002,-0.5156104564666748,-0.9561391,0.6250496,352.5798172149965,10018.9716796875,1160.0167,2020.4133,3760.344,1007.98254,927.97876,305.40842,350.33398,217.28168,240.90633,157.00671
-N-becVncg6kx_5bVD25.-N-bh3knhUH4TQAMyFOr.-N-bhP-0UAd80yIDbrQN,-0.19423689,3.8690653,-5.159575,6.1816244,11.3412,0.4072994887828827,-1.3197135,0.13688576,3436.172610562418,-129.96699640752436,1690.9755,643.9051,227.55042,72.21695,21.085588,39.776752,26.615286,33.285786,48.133625,27.46748
-Mk6F7_DicTF4xbi_qpF.-Mk6FF692moQKRKjR5FI.-Mk6FR1ZLXn4qhBZowmH,-0.4145056,0.95381606,-4.22344,1.6195077,5.842948,-1.7666587829589844,5.123765,0.096075445,300.9916381390375,-380.91591830551624,283.06726,179.73215,153.04639,345.4163,135.50893,235.16144,86.97752,154.1794,130.47342,8.946436
-MXBVcEIvN-sNDxnfkvo.-MXBT_QsWdJTmoWlK2Lt.-MdGCPclapkN7A-ckpAJ,-0.4298835,0.92370355,-2.661139,1.6726537,4.3337927,-0.12526363134384155,-0.30065012,0.12994957,327.4924664904673,-381.97308349609375,79.79877,349.84857,179.25864,315.545,54.679733,188.94592,128.86879,54.075367,53.003586,83.61869
-LkStkgOz4aCQplRjDVI.-LkSu-v9GyFDvJPWbbAu.-LwIqJtGp9G7yRXLb2rd,-0.33660197,1.6731906,-2.9704404,3.218105,6.188545,0.48555177450180054,-0.5695362,0.09306369,-143.12782789692176,-468.5640563964844,489.91498,986.24866,352.27826,947.26514,336.38303,562.58417,123.434235,60.33506,9.711892,150.77827
-MvNOnbh2Qh0ZTFU0LjI.-MvNOvJzKLE_w24DY6Th.-N04dVQDc9SAd4SDD5sW,0.5350287,2.2608244,-2.7263536,6.243775,8.970129,1.195846676826477,0.48250175,0.092702866,336.07797662606555,778.8258056640625,1296.8063,1230.1709,1414.9518,290.51736,52.228115,86.7112,236.09361,84.96182,105.030235,54.68179
-MUDIcWtRJGFt3XdDORq.-MUDIhcYfnpDcIKBf5FO.-NnDaoEi6s8LZGVU8dde,5.5117865,2.8655906,0.7807195,10.748538,9.967818,-0.09866265952587128,-1.11478,0.41796947,822.6335488813683,9030.365234375,1879.6665,1506.7594,1935.3215,149.63847,474.7055,571.7333,639.34467,321.3136,206.26587,188.34662
-N1HyPmDE0QTEp92yfCF.-N1HyeLZGJ7ggEnhy63n.-N1Hz7COIRltrQcv3CS-,0.3960555,2.7877343,-4.7113123,6.437743,11.1490555,-0.006526273675262928,-0.9100256,0.15690458,1308.9906672539175,989.0172729492188,852.75085,1257.023,1138.7856,4126.4517,501.73422,477.46365,1352.0999,434.04254,329.31638,433.6442
-MJkUNgQq3Wfg5N704Mo.-MJkUZP0Tqi7Bpz7xOsV.-MJkV57KeCj_dKW7NT0q,-1.1980056,1.5997186,-4.8448353,1.1599253,6.0047607,-0.7284374833106995,-0.57492065,0.09538734,896.9044975103038,-1825.366455078125,983.6141,310.98444,1040.5924,555.22205,202.38094,629.88635,63.547924,100.49297,173.23299,76.580574
-LrJ0yu2MQVIC9mmVQU5.-LrJ1-9N8CU-8pcr3S2o.-NZjmbDduhjgJGfyZSiB,-0.46822214,2.89549,-5.4764266,6.7696357,12.246062,0.3683055639266968,-0.7218962,0.38630414,1333.7369423425262,-1362.25439453125,1553.6332,2444.4202,4180.075,1765.0607,949.85236,542.66583,1792.7842,304.71826,259.21796,324.3985
-Ll0kGQhT1gmh13aplJj.-Ll0p0PsHG6HDEoG9Fex.-Ll0pEQCb-evRYK3zOHV,1.6239033,1.2769265,-1.5472484,4.7733393,6.3205876,0.04577931389212608,0.30207705,0.10958499,318.4406323270243,1068.2226797540982,127.73394,380.42282,192.31335,326.25015,118.892654,131.63373,88.64139,65.69249,66.27089,14.271268
-Ll0PgwJ482RpHKPZiP3.-MUrcCjUEtwQ-lVQPcJs.-Ma2QdOkAczH2wCsFxPX,4.9630876,11.481057,-5.474778,36.422558,41.897335,1.5426220893859863,1.0263577,1.1425066,2360.8397389094953,12973.4326171875,12575.951,11320.564,6638.9927,8846.109,1264.8558,1262.808,3034.1267,2622.31,3186.9075,1468.9243
-LhtgDx5KeVU6cU3K9Dh.-LzfdBx2b-FaN5Ij9lGf.-M3QUDnwMFc2yf7Ujmsz,1.2952302,1.9583234,-2.3917391,4.8852205,7.2769594,-0.2119642049074173,-1.2207901,0.18891466,1186.8715186588413,2406.2997157971063,197.01706,1283.71,1768.3958,901.8699,537.8195,118.79978,478.05905,485.46494,297.9621,97.34625
-LrmRd8IxEdBn2j-F8ht.-LrmTKkBTjJFpAoZ3oF_.-M1PyXpS5SLYOvRhXfaw,0.18210731,0.4592622,-0.72797436,1.3618755,2.08985,0.6128751635551453,0.05720973,0.056341365,294.45485288592363,167.96961008252887,121.906555,81.78476,198.54594,104.2887,31.148489,67.58942,90.23198,35.549248,32.905773,29.806282
-Moc0BVPVOr60FcVWR7b.-Moc0LZ_JePj2ozbLWp8.-MrW-6hUmKV1Zuvu2QYo,-0.8716971,1.2224604,-2.3152077,2.088474,4.4036818,0.9422715902328491,-0.39856887,0.11683065,531.7620270602802,-807.8588256835938,603.1277,364.64426,245.20328,114.39068,116.05828,112.96387,86.503235,78.593765,111.17661,70.35304
-ND7BsUwXoyq3Y50pjun.-ND7Bwwtaf0GHaZzEl_w.-NHOPCxjRXoIKu5xmcEu,-1.3898628,4.1769657,-9.762077,8.740545,18.502623,0.4063606262207031,-0.5307255,1.0084593,630.3880459877835,-2979.074165013308,2554.31,2779.4436,2966.173,857.0098,2562.1638,1646.57,1376.5642,659.0473,939.18097,1005.53864
-NIH2HinHYG9ws1fcxVo.-NIH2NYlBQnrtz40XdEl.-NV93sgozyxwuVygmoh-,0.7900299,5.052842,-10.472071,9.176532,19.648602,-0.6607540249824524,-0.31476784,0.3245181,-244.5822741394466,1021.7271728515625,3683.3652,2068.545,1410.1542,121.61528,642.77203,366.04434,261.14627,599.07794,253.97531,165.23653
-NjH4CFbDcUZRALH_d4L.-NjH4LROSG6Cdz3ZZz3Y.-NkUILPe3rIjVxL9Uhic,0.2063292,2.0232387,-6.1895003,2.9292824,9.118783,-1.2363876104354858,1.0971732,0.39298093,1624.78460947177,350.6939086516698,559.6232,877.4768,1268.771,279.38803,1057.3705,397.79007,1015.869,512.36725,232.3468,434.02118
-Lt47WbLeFz0Frdnf7qM.-Lt47aFOlKM6fxX6e0QG.-LzkW2DBKtg1O6jqeneX,2.2542813,3.5684712,-5.427293,8.883499,14.310792,-0.18769040703773499,-0.5206711,0.13747287,1162.6744423081666,4230.830918093522,896.8109,1530.347,4019.9932,1273.3042,691.16364,843.08826,226.45363,299.39508,128.65306,279.39206
-LhFWo4psMxNltfNkt3V.-LhFWuDai6yRoxydHy4g.-LhFY8az75PJN1B7IhgT,-0.3013991,0.74082214,-1.6344033,1.9155749,3.5499783,0.816970944404602,1.2634783,0.042652786,1202.4522282564244,-503.5615459680557,598.0026,65.78481,486.37613,172.79938,213.61955,176.09563,176.95775,142.56885,44.913193,33.990883
-MykvNlqq4cJWVdU4utc.-MykvR1JNoLE5HdVp_XN.-Mykv_FUhAOkuORjG7sw,0.99072754,1.5323863,-2.1291497,3.108586,5.2377357,-0.5608598589897156,-0.9624455,0.077335596,613.242810253406,1216.74169921875,611.1302,658.2874,780.9129,466.23727,117.31208,252.37563,192.52596,120.667496,34.214073,37.867447
-LilnSmSyM-6usWD64ZZ.-LilnfIIotZ2luAuWpsh.-LsLuAbUAj4oXkoeFbIo,-3.8696227,5.8804646,-15.081633,10.93461,26.016243,0.1344880908727646,-0.9149637,0.71200466,1215.040494302169,-13816.3125,4837.584,5533.719,6889.3154,6980.0522,4525.969,3459.0164,4167.951,2369.1548,2534.697,831.60596
-LqAlBMdW0SudzsLML2z.-LqAlFESFzQexx-7wZi5.-N5dii9gi_aaOJ9YxH1R,2.1581686,3.9638565,-4.8886776,15.303252,20.191929,1.0414789915084839,1.0552697,0.9853473,1114.01263252613,3064.472880204519,2234.6096,820.54956,1688.6349,894.139,1710.8938,1446.8922,728.92316,599.6776,195.63708,187.50162
-Li7Gw53VbA92RZ3ABZB.-N1glgPSQZYOfWaU9QbV.-NWfNmADJeBBJMbuh2DG,0.85650945,1.2251492,-0.69628173,4.194289,4.890571,1.2940925359725952,0.6551645,0.15406513,552.2950446947215,755.6776733398438,466.3078,441.73544,283.07095,190.93898,21.001942,63.196617,101.84725,135.3597,81.779015,78.02942
-LhKVtvaBGb1puFWOmgR.-LhKW39s7wkxN44JF0MW.-MRdJGUq-fKSkohqzr43,1.7318066,4.1390967,-4.3036675,11.993649,16.297316,0.2534898817539215,-0.976223,0.30729437,601.3470742599665,2604.186027397712,3607.5461,1566.613,1306.8022,975.4028,666.47986,103.80236,190.76451,247.4567,323.72366,458.07483
-MyfYfSvwDQBT10jyNJW.-N3OcnTrB6TyNOfpC0-Y.-N3OcuP4bZn5bIE9owCa,-0.0877099,1.3094213,-2.2966552,2.5738335,4.8704886,0.12813393771648407,-0.9919455,0.1109066,2879.787081159547,-117.8808555205663,942.0285,406.03326,523.4887,373.03354,199.42531,48.41672,271.78726,95.3128,38.49459,11.487185
-Lj_M3HTF61jKiWsSATd.-LrDDIqn_SvKUqnELg1z.-LrDDOMTlHjkY6xMzI2O,1.0126077,1.6228222,-1.1939665,5.054592,6.2485585,0.5078411102294922,-0.90208745,0.106738925,285.2581796061389,954.18994140625,918.82806,150.16042,280.29062,379.3858,120.267296,110.5668,97.31252,128.1662,115.38371,60.577885
-MUwpyMDv1L9VfwqDN7T.-MUwq3TVV-Bvdlo2lwwO.-MUwqLZu70zBpIIcsxrk,-0.35874382,3.6237009,-7.9616537,8.858165,16.819818,0.2561306655406952,-0.33223462,0.33803374,769.4288138027342,-910.0603451331457,3053.286,285.41495,3056.4988,3582.4946,2013.9426,986.7804,910.9667,784.23987,1067.1425,818.5745
-LqAlBMdW0SudzsLML2z.-LqAlFESFzQexx-7wZi5.-LrNb3cl26HirrVYWPgB,-0.7519028,1.6780596,-3.9469306,1.9857785,5.932709,-0.21669021248817444,-1.0789317,0.07035472,956.2907453654254,-1408.7557373046875,1208.4122,819.54816,1079.2595,626.8676,386.74692,666.1164,692.4537,326.50104,73.57743,141.54242
-NPWUIACdTwIvrDgwDhk.-NPWUTvWfyoQtbaQftYL.-NZAKaYRERmuyc4jEjRe,1.1378632,1.7390369,-2.5184374,4.30341,6.8218474,-0.21820968389511108,-0.71081114,0.097057365,994.2428386305811,1839.7754605015118,944.2322,448.6453,1212.8033,646.7954,938.6109,91.75301,134.99841,45.260376,206.13487,89.29386
-MYi7zRYMQ0Kilz5luEH.-MYi81LZbNwySbneLNcl.-MyBZUZR-3ytCuCmVKot,12.136399,5.068613,-3.961789,21.086985,25.048773,-0.5791144371032715,0.4151771,0.55883574,677.7481911229569,17044.108168125153,1739.1853,2066.8296,2379.4062,406.4705,2037.3452,1897.8151,1107.6665,1205.6953,592.8623,745.6602
-LhFWo4psMxNltfNkt3V.-LhFWuDai6yRoxydHy4g.-Lqef1j5ZhExKQrGAfNE,-1.2558565,0.97460735,-3.0725303,0.6406676,3.713198,-0.053963806480169296,-1.1442125,0.06596762,761.2467583358117,-1932.367919921875,476.5631,97.251465,107.34835,817.18274,308.27795,240.12483,114.54653,125.55969,92.34804,16.699324
-LlBEMo2wsK41U_i4Ff-.-LlBEbuAIaFAvd6Tsudd.-LyTW8ubWoASYTrFkcrY,4.7352867,3.6892679,-0.9058707,14.365867,15.271737,0.6737198829650879,-0.18775916,0.21939135,910.9306516681903,7897.227795948585,1504.8912,1069.4946,1284.2133,3464.7136,421.22543,875.8548,371.5952,547.7144,426.52197,150.78172
-MT-fuAMSOtqOYpbrBt0.-NbxsB0rag8_CKdP9Eve.-NbxsUcE7RsQdzHw7Et8,0.454895,0.46248212,-0.34434897,1.5457869,1.8901358,0.15407371520996094,-0.66161156,0.061239094,487.143073926083,405.513427734375,59.099483,112.53339,79.286354,172.6308,121.71174,43.338863,109.354225,30.577951,40.81202,24.323843
-Nh5b-fGAFcLuoFanTnN.-Nh5b6CH4s2mGtf2n5yx.-Nh5bFV35rJvPWMcdODE,-1.5337309,2.05617,-6.489663,2.1005867,8.59025,-0.3906063735485077,-0.5608711,0.39157456,511.6772541308674,-2577.011349995931,939.6636,785.073,1331.662,837.2309,112.72132,1131.8833,516.7185,344.56915,357.97992,201.44371
-LjLIVhvROwcA1ZfxIW9.-LjLJ5zm6OHeP_dHzoPJ.-LjLK5ecX1rR--IvEoP_,0.50479907,2.7509868,-3.4997163,5.69404,9.193756,0.062177494168281555,-1.2074213,0.09976393,-571.835078630581,490.4042811791102,1616.0123,332.06982,664.01953,556.27075,42.344776,149.59673,47.169563,106.88797,75.795166,73.41721
-LhFWo4psMxNltfNkt3V.-LhFWuDai6yRoxydHy4g.-LqeYSjCUBhpjc7A6uAE,-0.28683427,1.7793268,-4.2563725,2.6035564,6.859929,-0.7148313522338867,-0.56247544,0.103920996,1585.4423285318446,-335.32171630859375,895.45074,841.9596,477.09528,306.0282,457.8327,252.91743,38.04076,156.86427,30.723753,18.218056
-MLCPaVHke5WF47cCC4x.-MLCPgQ3s22FJfFDZztz.-MocLM924awPJm3CbGyC,-0.9715178,2.0238793,-4.8236003,2.6201065,7.4437065,-0.024692179635167122,-0.9138737,0.15890229,687.4185611213766,-1891.0096435546875,1813.1989,269.54373,1441.8824,176.31981,228.40486,835.6064,824.49603,692.77246,264.82852,249.45569
-Leujocx_cjh-Ci6MrBu.-NLUo7sNx6hp4uSLWSwI.-NelJMTHLjUqPx623Aaw,5.650735,2.6212325,1.0981591,12.749847,11.651689,0.5695284605026245,0.18031836,0.15645266,630.7037536126063,6476.1552734375,1017.0483,1362.8635,1003.9659,361.91345,199.41316,537.3805,264.84726,147.78963,151.97705,60.457855
-NeMreqmG_AJT3wdYmIR.-NeMrl1wnG9vXRJZgzVd.-NiZHr2accZlsQc6b4B8,1.7057359,2.226622,-2.7677932,7.2069244,9.974718,0.19933758676052094,-0.37814736,0.3350129,587.2672113960923,1655.5125732421875,895.20374,589.1088,642.2382,612.1239,273.04633,174.68187,401.3967,277.8378,26.988998,79.371826
-N3TKnmASS39_DJZaHma.-N3TNrRY-7i9dZsKTiNn.-NGQsoRfK8LEDMIgZZy3,4.8911924,10.02991,-9.709322,30.855719,40.56504,1.1187325716018677,0.6375303,2.4714518,881.7855918452432,13255.7919921875,9265.079,10722.466,5740.0576,8821.969,1124.0016,1200.2185,3102.2383,3005.279,2442.421,2535.4294
-MLCPaVHke5WF47cCC4x.-MLCPgQ3s22FJfFDZztz.-MfapIeyVwbp1vaSvza7,-0.44888097,2.2533414,-5.5299616,4.386586,9.916548,0.09883252531290054,-0.17586422,0.15292394,1273.0565833237754,-1094.918701171875,1125.4471,598.2117,1817.3428,2801.9417,762.5475,594.5922,27.192366,993.7413,374.04688,171.69855
-MYJenbIhBSGGHhAbwF2.-MYJeqhnsX41qQkFQhti.-Mlt9tC33muzSPywKe-a,5.367751,3.966449,-2.1674492,14.67209,16.839539,-0.11159265786409378,-0.5558028,0.3287711,578.6184572460163,7219.53377978007,2091.1333,428.2548,2446.7815,1250.9828,270.3283,714.9179,612.0737,537.36316,726.3154,342.29834
-Lc_d-g4yyU44NLZYjLv.-Lc_dR6iUjsYfyL3NJc5.-Lc_dxMn-GvgO7lEfgfE,-1.442221,3.1516347,-7.3723073,6.8293276,14.201635,-0.25176894664764404,-0.71131635,1.131654,466.10720681012225,-1075.01513671875,248.38055,952.88074,930.4598,567.74023,276.926,268.3329,290.76544,317.1226,196.89838,139.54657
-MCLIFBZ87B9eNQwyK2E.-MCLImsZZVIrHvwknYQB.-MCLJs9_2peSjtwSug2w,-11.986138,8.77078,-25.712223,7.1496105,32.86183,0.018552904948592186,-1.2082274,0.4119504,890.8398872080672,-20828.656552135944,5513.3345,5780.221,5660.881,3182.5334,2025.5236,1507.2966,1139.8922,1200.1903,521.9585,683.69525
-Lhe7Rr0kRFC2_3jT8E0.-Lhe7eO6i15jbPzv7oSt.-Lot6uKfACsw6vuWvJ_y,-0.65726876,3.673703,-7.32064,8.402977,15.723618,0.5227147936820984,-0.68176794,1.4145467,-684.8894505369593,-1827.74755859375,3960.9802,1763.7069,3561.536,2851.1216,1059.1211,1836.3704,1698.5497,1304.5177,795.9495,938.9698
-LilnSmSyM-6usWD64ZZ.-LilnfIIotZ2luAuWpsh.-MBruP6e10x2akSEbUvv,-3.369865,7.521771,-21.616644,8.750297,30.36694,-0.480726033449173,-0.4871986,0.73665285,1708.072407772504,-10247.267172257105,5209.746,5891.1147,12454.691,1805.1139,1615.2882,5350.377,847.89746,701.2951,242.51233,1876.328
-N2zbkhz0QH-FVKXOSNq.-N2zc56TwmgoFUpO-c8U.-N2zcK7-lO4FXDl4P55D,0.23802581,2.1525605,-3.5500188,5.2621117,8.81213,0.16457249224185944,-0.84954405,0.09435785,245.52123683321565,343.08270263671875,104.64178,413.0633,1845.2465,830.28406,483.16013,141.95209,261.08487,137.7861,190.73552,131.29387
-NmAgNY5xGs8O8IAaN1U.-NmAgWoXppy9F80yOBKz.-NmAggB62h4g2YGDGWr6,0.1642406,0.8890542,-1.7794793,2.4977846,4.2772636,0.23643380403518677,0.41396904,0.05364553,168.1072428901234,224.8491668701172,459.7546,387.47882,225.4146,367.8721,322.72266,219.47083,110.72029,91.8216,90.45004,76.72814
-LiRv59cby4dDJ4r2Pt8.-LiRvJW2y2opdZ5s36FC.-Ly319xtAAHopCkJ37r6,1.5764061,2.3124015,-2.707956,7.226425,9.9343815,0.35999464988708496,-0.7105408,0.147808,1007.1459921269026,4148.5224609375,855.80304,1443.1608,2715.9172,1106.9357,712.853,1796.0458,1472.4187,517.0983,403.56885,508.18973
-LiRv59cby4dDJ4r2Pt8.-LiRvJW2y2opdZ5s36FC.-LtOV9tDie7sKKSbIiZT,1.0142373,2.713686,-3.188741,5.029196,8.2179365,0.07114911824464798,-1.5516162,0.1150555,221.8153500749568,1217.3084819515545,351.1044,2208.9368,266.39978,127.13779,388.30533,128.32858,114.11403,46.194397,61.119923,34.35443
-LnHernN_fpHMmekEDg6.-LnHf-cbftVM4CTskSYH.-NHxnEnwakhboNdzq3W6,-0.10852204,5.180996,-9.4684305,12.080893,21.549324,0.2108200341463089,-0.59805346,0.90131265,5749.750910156446,-316.87203001976013,6305.0215,3762.1575,4194.407,4813.361,1521.9188,2295.3018,1333.9619,2614.696,1252.7703,1543.526
-LnRfNk8_xBNCpmbZq50.-Lq5SdGybYxDde0Cq1X9.-M-Joiudadva1l_Z7w1F,0.311231,1.966636,-2.7355738,3.667537,6.4031105,0.2518783211708069,-1.2082264,0.083353244,1083.5763491247037,285.223876953125,1021.39154,537.1686,386.08255,137.50972,298.94968,83.62501,39.07051,44.796528,45.265644,24.122198
-MIOBNUgcr0MTphTegMf.-MIOBfYk4EK4lJBip2hf.-MhIHECxoAO_K2ktRitB,0.94012284,3.9033852,-5.805229,8.778313,14.583542,0.245164692401886,-1.0468456,0.16255224,1701.309321553094,1358.8046424289544,2620.8523,2630.9834,836.56396,875.554,507.67877,314.9099,212.8202,191.2569,291.68054,104.871025
-LnRUo67yQGOfr1rPlTl.-LnRUxW6mWYHxJOj728Y.-MCM4g7u2uj28DQycwZQ,4.3465037,4.8129764,-3.5389688,15.33266,18.871628,0.3813784122467041,-0.6903615,0.23454809,1450.615579812775,15797.38728839159,6370.689,5282.3496,3762.4067,6340.517,4702.53,962.2628,790.96564,1661.326,866.442,443.01633
-Lht2eTXnmfpJmP58xnY.-Lht5kX1F8HLIO_XlCaJ.-LlGAB4F99Lk6GUFyUZl,-1.9582611,1.4177024,-5.237948,0.6645898,5.902538,-0.4297758638858795,-0.5964563,0.08829737,827.9947233753968,-3498.15869140625,682.8642,310.00583,161.18065,1504.6641,218.45276,271.57602,161.55685,274.765,128.60172,293.19104
-MjcoNFhccng9yavEQYr.-MjcoZjdbGqZjVRHqRmD.-MjcojlLCmxz9CcBIR-N,0.6687055,5.8432183,-14.091485,13.380365,27.471851,-0.20491458475589752,-0.56313825,0.4866128,1037.9047099492698,2576.3172001043954,2101.3289,2689.3196,14027.407,4313.7544,2773.4053,2857.635,1853.7896,1156.7273,870.8411,395.2966
-NjlX8S-o8gxIeBDsUqO.-NjlXQsb0-nqcuXo69bh.-NjlXYl9kQp8jrISnoW3,-1.2218819,0.84432197,-2.868529,0.11046472,2.978994,-0.3197963535785675,-0.96430993,0.051712066,416.38052179206045,-1031.351100941499,310.1997,118.60535,346.50986,117.53863,72.797676,39.76547,14.480591,32.409657,24.33017,35.157513
-LeFwjQg8H2YmqKWub7l.-LeFwyQRrBy5fhb9uzcX.-LnkX7xjJFn606FbZj5s,-0.3552094,1.8217411,-4.386744,3.173546,7.5602903,-0.16408401727676392,-0.74745655,0.09012498,-481.9671783311614,-951.9129638671875,2054.1182,497.4167,1630.6902,1043.8702,502.49973,1455.9929,167.57817,765.6575,678.7019,255.5483
-MLRgdtT6JDiojBPUUas.-MLRglSL64oTsI-bDC0H.-MM-tPXcDdOQ9mXE4kT2,0.5540196,2.749738,-4.208949,7.445012,11.653961,0.7050696611404419,-0.03334546,0.26175618,1064.3163825815948,800.0608274936676,1316.625,912.14087,1802.5621,943.60785,773.2046,632.624,114.37838,326.7748,152.94902,206.42569
-NeMreqmG_AJT3wdYmIR.-NeMrl1wnG9vXRJZgzVd.-NfjoBCsXz4a4kljuYpA,3.39887,3.0938392,-1.9759665,12.400797,14.376763,0.6081394553184509,-0.048998594,0.9994817,432.4325715843955,3269.54374619325,838.71313,759.4612,1485.7875,749.86383,432.11057,42.605152,143.46126,172.42459,82.70204,62.62738
-NZ5B2YCf_n1bSmJMWrS.-NZ5BKg4QWgPyXjFIu7H.-NZ5Bo0ZRtH23UxO6Tor,-4.3011684,3.4034638,-9.875501,2.4222014,12.297702,0.3328181505203247,-0.80739546,0.10822657,328.73154427172096,-3631.2192190090814,1911.9279,388.75256,509.96677,130.306,191.22142,87.20752,83.821014,31.6389,43.55921,17.923685
-LceKoJLHb8IoImrI10u.-Lq_T4LSBS-6gUdajamQ.-LrNOVGBfQbNNgfb4TIW,0.5324776,0.69684273,-1.0511026,1.5607812,2.6118839,-0.3014209568500519,-1.0173308,0.06594097,412.3182445702287,394.9192810058594,139.19905,174.27072,211.45685,163.48383,83.517555,49.350037,17.347582,44.700863,19.593628,3.9157195
-LrrJODQkYUsA2_E3nXS.-LrrNpTJyrlMkX2XWakX.-MNXKuv3GCY0wjqOkv1n,-0.106911674,1.4762348,-4.300303,1.9850897,6.2853928,-0.9658263921737671,0.5455518,0.09548223,139.49792199534693,-108.37510430316131,457.37302,167.16826,843.74005,314.00867,124.39943,192.51106,27.386456,56.664852,30.94669,61.08387
-MchzeqXQ_NN22dEYQdQ.-MchzkTpgEjuI0QcQLGV.-Mchzq-fYd1fGLkz-6no,1.1812454,7.1999135,-15.12167,11.73431,26.85598,-0.5354397892951965,-0.58786464,0.98326087,668.3814041209758,1144.1518768866856,2383.5288,3108.7664,1565.5311,1922.4421,1264.1963,398.8394,531.1656,442.79776,283.38998,427.51068
-LvtsokQOmZVI1tAvlKh.-Lvtt10AwPedqj_fnjqN.-LvttXBYF3X_3wX-5Ve4,0.25473234,0.58173317,-0.83121365,1.655682,2.4868956,0.7154691815376282,0.08996868,0.043228984,569.0475012578189,214.3904266357422,252.75208,142.41884,78.39421,99.56599,106.15298,63.102036,35.297195,39.815475,15.547349,16.740242
-N1HyPmDE0QTEp92yfCF.-N1HyeLZGJ7ggEnhy63n.-NAnPlvu_VF5mNF2KD4E,-0.49500045,1.1991266,-3.3756711,1.2144338,4.590105,-0.8111220598220825,-0.17309976,0.063004196,118.54045274785997,-383.8504333496094,503.2122,326.49387,182.41524,122.62042,116.09665,24.24542,42.646786,19.788118,42.66569,27.61659
-MtCj8SwGFmpFsHbHeCZ.-MtCjBMJjR_Lrt-qY-Q6.-N3TiqtH8WLSw5jAJGPJ,-0.34939384,1.2440661,-4.135543,2.6934175,6.8289604,-0.4155486822128296,0.8668542,0.08158088,1700.6271872205089,-736.2233981316289,639.50037,284.29877,513.72766,781.2542,1105.0464,236.9036,652.4697,365.4308,163.19414,313.32605
-NZ_B2J9-orCHk8M2Xa6.-NZ_B8UjIpc975ne1QSj.-NgSZLVVMGHMINzsD7Wr,2.7342057,2.5080583,-1.3186803,8.999536,10.318216,0.5652768611907959,-0.36672163,0.13624978,717.1899203502372,3891.186279296875,1557.0238,744.2406,1347.6199,785.4481,674.8933,317.13702,447.37616,219.14497,295.82712,124.49321
-LhFWo4psMxNltfNkt3V.-LhFWuDai6yRoxydHy4g.-Lu1cdPtyW2H0e_QWdxO,-0.32130635,0.9041651,-1.7737799,1.3759434,3.1497233,0.20497667789459229,-1.1047622,0.06557912,1054.66433484718,-592.508056640625,741.09717,96.00997,742.7308,405.22156,198.00185,46.05155,101.02517,174.31691,136.886,70.55638
-Lzl86713yaR_HKp8RhV.-Lzl8SXZePDoIkwzWkak.-M9qpygenwk4qzqPuv08,0.30082324,1.5976374,-2.949708,3.3714314,6.3211393,-0.0018258843338117003,-0.45981908,0.7134039,4.483126158293436,24.355621337890625,54.832893,50.5134,50.442593,11.53937,8.201735,3.3615997,4.8398137,2.461452,3.0128014,3.3893023
-LilnSmSyM-6usWD64ZZ.-M7HTKHzVfHA4fOi-DVx.-M7HT_5v762wiSQLzEqc,-0.060435526,0.5371448,-1.5635816,0.79282856,2.35641,-0.5199179649353027,-0.11396289,0.052751094,510.25974238621205,-66.66227444758017,129.36505,233.09381,215.62634,89.05545,182.11732,48.569897,34.918304,58.87769,62.38757,39.985134
-LkSxgdWu3mrv0klTuuT.-LkSxq8ao9-5yLS9f5xw.-LugQCkokZynSHvJ97lB,1.5761765,2.1572168,-3.4489424,4.9002957,8.349238,-0.4895492494106293,-0.45212317,0.2806437,114.16037926203154,473.77885005871457,362.06076,131.22592,197.01067,113.15603,75.59322,67.623085,22.154991,20.195395,19.871283,11.571878
-NLQ9ArLNPOU5ZK1WO0d.-NPvYMrvoe8cuuy6-iDx.-NPvYWhplELuBZV26ZGw,-1.4254725,1.9867535,-5.8051934,2.1708515,7.9760447,-0.10728584975004196,-0.94509006,0.080647826,673.5538403926798,-2202.545654296875,400.86902,279.97223,2044.6779,178.36905,265.21866,274.72748,300.13943,54.539707,110.548996,80.966896
-Lim3WQ1HgxKNt2gv-gq.-Lim4Dw3Qcgfi3SUInGM.-LzB_S0yWnVQ4ch7RW4y,-0.8230573,0.9584917,-2.9090607,1.6244409,4.5335016,0.6123302578926086,0.3339219,0.052611142,805.9410845691563,-1252.7694015800953,509.68936,219.15361,361.79736,616.2975,349.81964,299.16992,51.746376,63.538746,131.34106,61.41294
-N6Me3FoglN8NL56jtUk.-N6MeCSBWJTCfhSfajF0.-N7F89NQnLfpyXS1B_LA,1.7985251,1.0398718,0.029267797,4.1733966,4.144129,0.3397058844566345,-0.5564425,0.07303715,512.2272515375236,1833.1646846632163,361.9878,277.8737,552.87604,192.35892,65.89799,39.933018,49.577343,15.089523,16.825565,33.03956
-LrrJODQkYUsA2_E3nXS.-LrrNpTJyrlMkX2XWakX.-LrrNvGD9mfRnulIOyS0,1.889149,2.540344,-3.1413867,7.1314054,10.272792,-0.12417751550674438,-1.0097542,0.13185883,1045.0899091901488,3784.02099609375,2176.943,592.08777,2506.168,671.1207,561.714,542.50586,260.03387,418.21008,274.43097,105.504395
-LzBsAGwh23ynWFUHLBG.-LzBsEdYL9vH5jYJC3Nr.-M-ERz1MHLlutaMtgp5p,-0.12853232,2.2272682,-4.985195,4.006613,8.991808,-0.26918065547943115,-0.80282426,0.09793794,-1213.1097445450812,-289.2566796541214,833.4195,1102.2559,1680.6061,192.15541,2089.5076,1633.977,363.0351,45.636314,436.68738,546.0486
-MutxIuxjnQ6kYnfwVUB.-MutxS3VJclgmPwregnL.-MznkjjFs0aAKndlwo_X,0.51469105,1.8570288,-3.46729,4.367866,7.835156,-0.25759920477867126,-0.38287473,0.23359728,2120.2446413764287,1062.8917236328125,1906.9725,992.5358,1176.0483,293.2136,435.09473,595.832,304.56805,61.48952,407.1707,378.1329
-LvtsokQOmZVI1tAvlKh.-LvtsusiOAwfmfxPvx2v.-LvttFgbkN9FhkrSJ7a0,-1.9230131,1.7369595,-5.805847,0.9786732,6.78452,-0.4194643795490265,-0.7158096,0.06402707,594.2856113681105,-1969.8900146484375,707.22894,980.52924,78.59427,297.12024,100.96611,96.15844,17.669716,54.86324,46.04324,12.486992
-LilnSmSyM-6usWD64ZZ.-LilnfIIotZ2luAuWpsh.-Lpbn8d8jG_D24jDj4S7,-1.2315074,2.9900615,-6.795419,5.551392,12.346811,0.09871528297662735,-0.94454026,0.28823158,1413.3244164318064,-4288.1767578125,3814.9182,534.0768,1245.7474,1753.8135,1701.0178,3301.8137,2826.825,2177.2502,1718.31,28.445692
-LhKVtvaBGb1puFWOmgR.-LhKW39s7wkxN44JF0MW.-MCf2TYZvoiv3N6Z8FzR,3.8016622,3.0690832,-4.739244,8.58781,13.327053,-0.3925776183605194,-0.40933084,0.2255714,1020.8385448153149,8914.6357421875,2351.8467,912.76434,2986.7363,2218.1138,1087.9431,1582.4875,703.35803,258.19812,766.8823,181.79474
-N0FhDYqiqHH31WXQzTd.-N0FhWIWLlfhNHWd_LCQ.-N0_Xns2f7NsOmSfT3hY,-1.2313004,1.7914989,-5.0044394,2.844556,7.848995,0.15845662355422974,-0.40121913,0.060905606,1256.8331903322423,-2740.035888671875,703.5905,719.7534,2087.4805,1472.1823,343.5113,189.31854,365.97333,113.49609,91.549934,234.73367
-LzGwU_eVLmlKeseHuqY.-LzGwlc5PM0Da8ccP8Hx.-M-9CxJgl3_u8tObAt3Y,-0.26146337,2.316041,-6.8384967,3.1642668,10.002764,-0.8925966024398804,0.46873498,0.13530278,151.1964404663077,-268.0912780761719,645.21405,210.35617,1362.1506,675.99615,176.57132,87.31966,123.62973,69.8793,59.09423,64.11232
-LoUAXG4wz-yyrfROR7h.-LoUAbf_PHQ8Nd_YyM97.-Lp797fCL6YvJTgAh-la,0.48614067,3.014151,-5.571028,10.046525,15.617554,0.16169950366020203,-0.31590724,0.5338223,-332.51053930816056,1484.262167910735,1380.8353,2656.6475,2423.962,4437.1284,1062.8754,942.8996,513.0135,962.8244,748.84314,820.927
-NGa3HfiulAuDca2ZoWg.-NGa3dV0otaoGxiG9LOx.-NGa3ugMZnVFOvvN8JHe,0.5954624,1.3186772,-2.1026294,3.747265,5.8498945,0.32715412974357605,-0.4788139,0.11167419,981.8384971286613,760.4006024996439,368.23132,778.8979,378.05548,553.38275,272.7594,268.7742,121.03725,128.2137,11.474176,168.96642
-LvtsokQOmZVI1tAvlKh.-LvttrrZlcEFuYow4PR-.-Lvtu0yRHv7nwlJDw0MB,1.9406064,3.300541,-4.5522966,8.831592,13.383888,0.36722955107688904,-0.5680599,0.21273541,401.39152091149595,1900.9570207297802,476.60748,1463.2045,946.7792,1000.8179,685.77466,549.3278,307.00766,180.78696,114.78137,124.73873
-MHV02e1E_IyU-SnFFcB.-MHV41ZfXu89QkQkwOCr.-Mmr358Vs2lgWMKdbESM,1.1395947,1.9932454,-2.3882554,5.506506,7.894761,0.5168989896774292,-0.60427,0.07505643,848.9582623215406,1803.6341552734375,1021.10144,614.3303,1690.4775,388.95312,594.70825,262.3134,255.44461,51.933945,209.78668,22.307972
-MYEQzR3ToSh4GRLSIMW.-MYER3l2D2gbCmUtaz6K.-N-WfI02fgspw194xkdu,6.4280005,11.7631855,-19.093845,30.441126,49.534973,-0.03095986135303974,-0.29914713,0.43872166,538.909166977116,11215.93039405346,10493.968,4836.383,2996.98,6672.866,4266.5825,1519.9563,1376.3121,766.1321,86.91961,474.19284
-LjVNF11pOp5nOvINxrS.-LpbmfsYtj0mePcJtWdo.-M0H_JjEegEFQqKgY3ey,-3.873985,3.6029282,-10.242922,3.3746364,13.6175585,0.2966448962688446,-0.91067004,0.4155903,158.31096880224607,-1221.8260498046875,600.55505,373.75903,99.40056,349.85547,61.48258,58.532654,11.019245,13.265462,41.545074,30.472427
-LhKVtvaBGb1puFWOmgR.-LhKW39s7wkxN44JF0MW.-LwMxQbJ-cFXr7tdJGjn,-0.02339558,1.2074474,-2.113952,3.9474661,6.061418,0.3884243667125702,-0.4979825,0.19387639,-5095.10840780055,-61.27978515625,1094.4982,611.4107,852.4718,1198.4597,279.47467,761.98004,372.41318,453.55026,351.00925,287.95526
-MmRbPIBKLVy5aiRUX9k.-MmRbUUkbgbk0xuJ0wSm.-MmRb_6mv1uLgVF3sMcg,-1.5682656,0.4950835,-2.5842378,-0.64206123,1.9421766,0.0744672492146492,-0.7631469,0.047005773,352.92005970378085,-1147.2666015625,85.76845,183.41974,113.7853,42.57769,72.54357,51.00266,8.502345,30.514683,22.442385,4.966862
-MIwlrO2-BhSr0Y8Q6OT.-MIwm0nfiMmo8ZcZp3VZ.-MVuWBt9hq4oIJ-lu4Om,0.7259912,0.938418,-1.0195634,3.2396889,4.2592525,0.7098381519317627,0.68651915,0.056499153,646.1015093573625,1016.1468505859375,507.74725,488.95013,276.3933,4.3437657,454.3565,146.6156,147.76688,46.625893,87.97285,90.11737
-LhKVtvaBGb1puFWOmgR.-LhKW39s7wkxN44JF0MW.-MMZf_P6UD741r418Br3,3.3752272,4.5419908,-5.0044646,12.3378525,17.342318,0.48779940605163574,-0.90034246,0.24591517,976.5128423291509,8472.092603980253,6366.6665,2220.5605,2932.1104,1682.7516,379.1523,1606.1045,528.1421,1183.6396,573.2682,489.8169
-Lh9OJHKGFwJ6VBnGx4f.-Lh9OE6GEUzGjGDysjDw.-LkceedA2I63bhBZrQce,-1.0935684,0.89722013,-3.0257456,0.3666469,3.3923926,-0.24027658998966217,-0.96624255,0.08762874,272.92047792481435,-555.478629818807,166.57515,230.95967,133.1593,34.94144,33.4987,39.056812,19.242384,13.022311,10.000185,11.3147745
-LjL053LDwz53ECJceWS.-Lo-r9zciba06Hi4D04j.-Mg9gWZqJ1AlDM6aiSZ0,3.5529218,0.9630754,1.8846717,5.4374814,3.5528097,0.09026890993118286,-1.0002804,0.09012461,460.531070974899,3300.1791648467383,194.83202,231.00659,292.48743,340.75262,223.13098,154.19362,72.00453,160.15689,21.039305,12.119834
-Lt47WbLeFz0Frdnf7qM.-MA5tBz4DD0gOIWZ2qMc.-MLCd7mR-bDEEmmk6ovI,2.0915115,3.7217069,-4.6096377,10.068735,14.678373,0.1304437518119812,-0.9551556,0.2709531,1385.7517006244636,5797.562966361332,1105.3837,2536.1975,3458.1406,4901.383,1549.0269,180.26419,941.37604,1473.199,832.14307,550.0737
-MDJI3UFwj2pMJWLfOpR.-MDJIAJ9DeXt6BqL2z9c.-MFErmXGDF1rwAtrndXc,0.7941513,1.4691232,-2.7038305,3.4705987,6.174429,0.0002989267522934824,-0.4883845,0.07053816,1255.6270143222496,1785.5443115234375,756.9657,378.703,1313.4554,1403.0363,641.0991,306.20126,266.9542,441.301,364.68915,256.2156
-LjZoU_G2B3YglO2xBaE.-LjZokWzH1DWEXx0L1a-.-Lq_ifapj5Cy1XYv7OBv,0.00087748724,1.479253,-2.4507987,2.4587548,4.9095535,0.15108926594257355,-1.2742099,0.09612167,-107131.35700880265,3.3472189505894976,1010.91254,230.41704,273.39972,374.64154,85.85704,317.3641,49.57837,67.14023,83.050064,107.38179
-LhA7iwTeQapDTyS-SYT.-LnCO19dr8OUeTrjNHv2.-Ly8mwquvu-zmXhcDw5H,1.3317872,2.319598,-1.8032427,9.8487835,11.652026,0.7116767764091492,-0.10430622,0.9333043,1083.978459175334,3310.67138671875,3472.9377,573.9867,821.7271,842.6831,570.84314,590.7305,273.62457,413.38113,252.24596,412.49063
-NQ9kkuRonedYgHBTvdq.-NQ9kqvc06H0FQ61vdno.-N_Xz5JuBgvoFiGSREb8,-0.52118134,1.0351176,-2.7848322,1.5365571,4.321389,0.1148720532655716,-0.7743926,0.053709716,476.47897869859844,-821.0966186523438,648.4361,662.6179,443.71796,394.63492,145.93701,141.1091,148.76587,116.648735,113.85454,125.64837
-LsVuwZxSM0TPtvQidMa.-LsW9iy7sJrBENyY5dxQ.-LsWAlh8gteRzPq5jnTE,-2.1564527,2.3578522,-8.073533,4.6053557,12.678888,0.4067518413066864,0.6530888,0.21703416,973.7363119815701,-4000.778076171875,1154.2288,1064.3014,1821.853,435.2839,1010.67456,1189.6035,461.24683,150.10437,564.9227,17.755342
-MPn8JcRwCez_CwCW6IR.-MPn8UwUQYiEexta7aCr.-MRYqoLtXF8jCTMbA5Sw,0.61095685,1.2331828,-3.0916529,3.7980735,6.8897266,-0.6380093693733215,0.79226875,0.14480215,1156.361952042887,1024.3605508257945,261.09378,681.04895,484.26825,236.54008,683.20465,376.49454,450.58032,390.59442,234.70822,305.2299
-MGquYN4lpPSn1Q23ELM.-MGquoHjWAmBTog22nG4.-MLHrPtEKqtglAugpTR1,0.31222898,2.9361348,-5.841116,7.2290635,13.070179,0.2516518831253052,-0.27564883,0.09702805,1674.6574737593778,883.7469873689115,520.98596,1728.2537,4701.02,2253.1892,1511.7756,523.4329,254.7361,861.60236,175.44917,558.5692
-LeLaKEqGotMJsBvjEhP.-LeLaUoxg-z8VrgsAUSh.-LeLcBnYxEjpwxIT3BNv,0.21055894,0.9192999,-1.440015,1.8839053,3.3239202,0.056970659643411636,-1.0105875,0.061258517,594.4054896559011,188.36516438921294,222.94153,79.41906,464.0704,190.98521,58.385826,135.72702,38.603756,7.4316854,12.345345,19.753145
-Ll0PgwJ482RpHKPZiP3.-MUrcCjUEtwQ-lVQPcJs.-MoXyK_EoXFZKSoFWi2N,0.58410305,3.525285,-6.658689,8.978749,15.637438,0.21360981464385986,-0.33249426,0.16933179,-1020.2658269561572,1430.089295456807,1476.7216,1254.9443,3591.6208,3761.294,1401.7448,1396.6284,657.08887,896.37646,459.5348,483.96948
-N3T3J22UG6-6qz3L24S.-N3T3NLTn40qRkBpVZJk.-N3T3aWUNnIADH3O0pa_,-1.6653163,4.0113964,-9.558983,4.7327604,14.291743,-0.21145005524158478,-0.98092103,0.1839903,387.96816875979215,-1870.5848388671875,793.7474,1947.7273,2131.3706,265.96616,739.61816,644.99133,112.21826,182.34839,184.52855,86.949295
-LiRv59cby4dDJ4r2Pt8.-LiRvJW2y2opdZ5s36FC.-LsWc8mLiKkZt0Dn7j6l,0.7541965,2.0694838,-2.444304,5.3818173,7.8261213,0.4798318147659302,-0.9405353,0.099573195,672.6001349294936,1488.931640625,929.05725,1130.4478,1706.8132,1234.1238,725.2546,655.73456,729.3637,175.64186,140.61679,99.185745
-Lpb4l4JaXOMbKBkV1QN.-Lpb5-zaezaBKm5FZCiW.-M0HEifjKmVrvI9CEuzJ,0.3817664,3.8949735,-4.970528,9.497373,14.467901,0.8258230686187744,-0.27516675,0.43123055,2683.4323599333466,427.3926491998136,2512.6304,1195.1573,1002.4799,184.56802,552.3363,196.85083,165.45847,86.79089,372.84372,267.6212
-MrWMcBqkBqlw5NMQFkQ.-MrWMm-bJkLdGSQBRCb6.-MxJ0NK0-N1mzog8DO-o,2.495814,3.356802,-3.734735,9.909104,13.643839,0.11656758189201355,-0.68997884,0.19201359,792.0325132095718,3290.2578125,1005.9539,714.1452,2485.3782,537.842,1038.9877,539.19885,384.6501,153.62231,169.95052,118.35063
-MIT4LqaOThh2AuRgJVk.-MIT4SajJZ_Jbjtsx-tD.-MIT4g3RR8nF0wR2UJTD,2.6601903,3.7405875,-5.098993,10.600038,15.69903,0.17225831747055054,-0.740777,0.33949232,594.9873666626218,3333.6810137828193,446.73468,2429.9385,1100.3754,1089.8785,1086.0006,778.82306,428.94882,545.6845,209.71223,304.17352
-Li7Gw53VbA92RZ3ABZB.-MQparOJxbnYW_9CEOgq.-Mo3Z4t14dmy_Mq8I9zK,14.153646,4.249882,5.0556607,22.338125,17.282465,-0.2560526132583618,-0.44990563,0.403018,341.12872141076764,9804.091125965118,521.8399,826.3038,1102.6371,1415.2018,188.45651,223.36386,211.23174,144.76903,61.83925,68.11088
-N2uuKh79U6t0i0GOCfZ.-N2uusErA6MEVvD4HsUj.-N2uuy38vICUyuqfn2tZ,2.4938793,1.6741996,-1.7872068,6.4184303,8.205637,-0.32438915967941284,0.148103,0.21484926,232.66829855056028,1171.291259765625,259.29758,111.45082,402.84995,197.58983,45.320805,129.55788,13.612595,76.83171,37.49416,27.40809
-LiS7bcrCbhs1p6ubfxy.-LiS7plP6PDZI7PWq5oC.-LpSk-iFnx5iT-aPVybB,-0.5979158,0.9332923,-2.61519,1.196305,3.811495,-0.13160236179828644,-0.4094925,0.103906184,328.04006034013634,-584.6824951171875,278.60077,282.3171,344.14096,310.97202,78.53611,158.275,54.252926,60.01354,48.997894,21.500908
-Leujocx_cjh-Ci6MrBu.-MHVHmFIrmK1XR8TJab3.-MtNHJeGEDg7BCzCGFhZ,3.19328,1.3502772,0.14637163,5.388402,5.24203,-0.6660752296447754,-0.4640541,0.09056437,390.463334816588,2786.9408835967383,456.6882,251.46889,531.8937,304.6168,153.74326,38.774414,65.33001,112.59646,13.454291,54.9626
-LhKVtvaBGb1puFWOmgR.-LhKWJhP_PX0yKWf0V-S.-MBh2J2UQm1jp7A9w5LO,2.511384,0.76034886,1.1516122,4.158778,3.007166,0.24863579869270325,-0.77239037,0.08963215,289.7926413498236,1469.1185052990913,45.84929,66.09512,239.7963,166.20506,50.060955,55.167786,20.969933,29.751047,9.909309,8.305103
-LoP7_n5ROEawdOTAeDN.-LoP7y1mZ9A1bOMfEnJ1.-Mr70aPMGh4NNZnGq8MI,0.91443336,1.7780428,-1.4344949,3.9874587,5.4219537,0.23777960240840912,-1.387184,0.09830421,398.7492948928488,529.9479494591554,700.4203,63.500587,43.821888,73.75949,93.94855,98.762115,56.657394,55.232105,18.056383,11.995334
-LoyElDz7n6jv9EmAMw8.-N1I7z02Q83XHHNL3F0m.-N1I84evUXt3kpQaLoV1,-1.9685626,1.3376926,-5.1619153,-0.31281158,4.849104,-0.6481084823608398,-0.78768563,0.1237098,377.28201622680854,-1240.9935302734375,516.89276,199.42868,55.20472,77.727776,55.11541,161.33466,28.798367,105.60175,25.974869,11.674334
-LhEZ8ZYXVYjutu9pCby.-LhEZQVhA3ouLHDXOw7y.-LjUcBjGnPK4epX38riA,0.096049316,0.6285738,-0.9234754,1.6750438,2.5985193,0.5142601132392883,-0.39842963,0.061504602,50.86728739978028,70.61528538353741,225.30936,45.549976,195.9061,101.97411,38.10198,17.290869,44.678783,20.019493,5.719837,15.119739
-Lhi_hQB4d9hP668bC18.-NJnbybnfglLVaLUOmiV.-Ng2otyHyCRrW6SIaXJh,6.151652,4.9592466,-2.4959056,18.94104,21.436945,0.21780356764793396,-0.7471702,1.114675,1213.1812088579775,15067.7568359375,4675.8354,4263.8174,2310.4058,3416.591,2365.01,1396.9554,1548.0306,1614.4939,1123.1785,930.4686
-Lpb4l4JaXOMbKBkV1QN.-Lpb5-zaezaBKm5FZCiW.-Lpb6E3_tOTVmyMDwSiI,-1.1773663,3.6907184,-6.316892,6.265931,12.582823,0.34273096919059753,-1.0739841,0.09325808,1101.1862061296233,-2898.916015625,4134.369,3885.553,1973.2086,884.296,1284.4404,886.697,861.18994,806.243,213.7955,431.71478
-MUDIcWtRJGFt3XdDORq.-MUDIhcYfnpDcIKBf5FO.-MYiRwTgjLvD8KJxIbbt,1.7009653,2.1143286,-2.311422,7.8279953,10.139418,-0.01740751601755619,-0.90392137,0.6922493,622.0746763581222,2652.436683654785,536.1429,781.8085,1484.4087,1034.6942,943.75073,112.94782,74.75433,334.03397,185.08746,144.8521
-MCGrj04feSXlMPGdgaE.-MCGvf2o49LN2jVnCn3C.-MCGvvBK5wvi_H9rQwG2,3.0771968,3.2556415,-1.013465,11.230459,12.243924,0.7402522563934326,-0.6942291,0.2486229,419.22519387438564,2635.1669921875,844.3461,456.62427,654.05396,1452.7902,518.50226,209.57025,149.12619,208.1553,133.9457,115.346756
-LsVlMLffp0SgAp0tEX8.-LsVpvvNc5iRCKfLMuPm.-MYt-GvRXXUk0AQONOGR,1.8449166,3.3171303,-4.122199,8.217471,12.33967,-0.018574677407741547,-0.8960061,0.17782456,907.1927066107705,2683.031005859375,2331.5066,834.8254,1759.4601,1200.2524,849.4837,86.724106,78.66648,193.16675,325.56738,138.13123
-NHTSIH6WGEuYYUbVYA2.-NHTSNphytM8wq_yQ1lp.-NN6VtJlTONKCH-4Fx4e,0.067178965,3.268824,-6.7946153,5.936833,12.731448,-0.08510327339172363,-1.0112976,0.09655112,7682.3493689207535,126.49854725847642,727.1489,352.89935,3852.5476,313.6209,1564.6741,143.81511,773.35913,199.89604,268.42697,86.90712
-LivscGJhM_bffA-hYoF.-MxsJ5NpLBtmQZ3PAl2h.-MxsJAL4yLKEcW5hvBqo,-0.037398502,2.432852,-6.3179865,4.343322,10.661308,-0.37596577405929565,0.11133695,0.17562819,8122.325324351041,-26.228124777475994,369.6443,1030.9502,799.4782,437.50943,204.28201,201.69289,108.667,82.923035,22.994915,33.389103
-LeLARl6cYWbEMnS6aOi.-LeLAYdDy8QM1wwAqCtg.-LsLKXLRLropVPwA1uTC,-0.61672145,0.6407567,-2.117105,0.41023284,2.5273378,-0.3564097285270691,-0.6163416,0.05997607,619.1119971717528,-847.7758178710938,69.580086,201.56989,389.5166,367.7754,34.12947,129.91615,78.854195,136.67995,41.881783,50.276344
-MRUA729OiKXXyHBgHAJ.-MRU8BEsz4ELk9LiGR2N.-MSRre4fHzw-2Qn2JnDL,0.18942851,2.8012466,-4.737826,7.07363,11.811456,0.4344116747379303,-0.3059306,0.15721285,2738.096686963234,356.08425976832706,983.0835,331.72574,2531.369,1985.9159,610.7765,1128.4932,772.5505,418.287,211.95952,88.32209
-NN_qhvSiR3QjjoDgTJA.-NN_w0p7mchXpMFmJwpO.-NN_w5QZKoIIMkgLjIDp,-1.9315051,0.722715,-3.5156403,0.31790707,3.8335474,0.42120400071144104,0.65560794,0.13888621,458.7599905623488,-1664.77880859375,119.3298,218.65396,180.6297,147.66734,178.44441,100.56459,55.83776,116.69663,80.93361,17.071825
-NeMreqmG_AJT3wdYmIR.-NeMrl1wnG9vXRJZgzVd.-NgIwt49i4pHLi_C6MMj,4.98609,2.7546303,0.5879981,10.133102,9.545104,0.43349403142929077,-1.0307388,0.121298075,544.425164525152,5865.18952147166,1497.163,1013.1283,1120.1205,569.28076,431.35696,424.07425,36.762924,116.54813,86.542465,101.33368
-LhA7iwTeQapDTyS-SYT.-LnCO19dr8OUeTrjNHv2.-M1ZlE68vzyF-ayJJDl6,1.4494758,5.861738,-8.498193,16.99287,25.491062,0.5461206436157227,-0.088178396,0.21251059,1638.9608253978884,3874.25,8801.64,3919.7224,1868.6005,2024.8555,1765.716,2493.967,2330.8982,1601.1919,1369.4893,1075.4828
-LnHernN_fpHMmekEDg6.-LnHf-cbftVM4CTskSYH.-M8t4bgzQVgwTWfnYqSa,0.04133017,8.40309,-12.390123,22.666927,35.057053,0.6584140062332153,-0.06650019,2.156281,-3866.2086760461016,146.54172133406004,3700.7869,1900.8435,15392.443,11921.852,4622.013,2619.3616,1258.8494,561.627,854.2724,2969.1755
-Lih1-8YhTUk-ZydBu9I.-LuX0jxGpudVjXn46epD.-M0Hz3v0yPGj8QqpGM9Y,4.7956576,4.1221128,-4.101787,11.156937,15.258724,-0.30492091178894043,-0.7300556,0.14212632,982.1473423949557,11186.202043890953,2752.426,1864.9137,5059.302,2564.5073,468.75198,849.1497,411.7273,104.20686,582.46844,760.3255
-Lht2eTXnmfpJmP58xnY.-Ms4bY_bKCAwlQ3Cyyv-.-Ms4bfWTXTPpcp-esZqI,1.4439648,3.2680874,-4.009058,8.465884,12.474942,0.5027830004692078,-0.6648853,0.1828469,1061.7888025811285,3218.0234375,1370.2345,2466.2197,3048.811,993.7339,492.95828,1804.1442,877.5116,1317.6443,249.77023,472.97214
-MuohO_gtqg0k2r683cO.-MuohVIvl6TUjSZ45aI7.-N1rFun6-5hQ_25n4coT,-0.95894825,2.2918303,-5.2748303,4.4972925,9.772123,0.0867079570889473,-0.56599426,0.3984204,847.5162325328382,-1081.5239547689755,1055.5106,289.47345,1348.2681,195.9163,256.8665,319.09473,16.915842,88.650406,141.76302,92.51042
-LsVuwZxSM0TPtvQidMa.-LsWB3dXbthoZcURqU9-.-LsWB7LPuwW_T6t1oxsr,-0.9728859,5.1678486,-13.106877,12.386481,25.493359,-0.0015179038746282458,-0.5309608,0.4131248,4005.805165134653,-5539.3896484375,11429.776,8291.851,9994.103,7605.487,4979.7007,2649.621,3693.9114,1125.9437,1253.6587,2703.1465
-MRUA729OiKXXyHBgHAJ.-MRU8BEsz4ELk9LiGR2N.-My73G8AHZAZJPWlO126,-0.056462847,10.824186,-14.844603,26.09423,40.938835,0.49244165420532227,-0.89976215,1.6382828,-7157.541448599553,-44.09881528218587,1272.4974,2910.922,6411.4746,420.17203,1027.2954,2318.0645,285.6945,765.41473,502.43842,435.81354
-N3TKnmASS39_DJZaHma.-N3TNrRY-7i9dZsKTiNn.-NM8hq1WKm1JZkG57jiX,-0.43144983,1.4737455,-3.9329724,2.7642395,6.697212,-0.09167264401912689,-0.45348907,0.08530834,885.3558390105,-725.7288557680635,485.48923,726.59033,1334.0669,357.21646,401.0764,243.87004,99.20965,346.58896,42.83591,56.065742
-N1IDTNGaJdSPHgxB6Bt.-N1IDmde9b35A24xnhnM.-N5nrTi6F-VQ1QuvpPr1,0.8760056,2.7031372,-5.183461,5.134125,10.317587,-0.15536421537399292,-0.86743784,0.14910758,432.88794804886516,900.8202514648438,1567.4191,335.44083,903.9603,483.73688,158.22171,351.10367,166.11615,157.20052,104.486115,31.986002
-LiRv59cby4dDJ4r2Pt8.-LiRvJW2y2opdZ5s36FC.-LpXhNfsWXAbI38EBMv6,-0.5651962,3.0050924,-8.303723,4.609106,12.912829,-0.6871854066848755,-0.17705584,0.16880059,695.3976831219504,-1007.444580078125,2496.5332,2146.205,533.0297,636.1399,951.8751,1158.3062,276.12982,58.097847,530.8964,444.6502
-NGpOzLifMjWDisormtf.-NbIqZjBYc6mTOHoN3wx.-NfA1iRrMmXGdqTkE-is,-0.09177001,1.7244905,-2.8190222,3.4334977,6.2525196,0.4978400766849518,-0.62222075,0.16860497,1744.646945693505,-49.97357918818792,526.6309,251.87718,294.0673,112.85712,100.07307,12.950998,32.87534,21.185808,14.290035,17.596025
-NPWUIACdTwIvrDgwDhk.-NPWUTvWfyoQtbaQftYL.-N_D6gJrwjNQHYbeweG7,-0.5165723,1.1571425,-2.8386385,2.5454116,5.3840504,0.5771356225013733,0.18909073,0.0564391,717.0014972490151,-905.1344604492188,674.3671,420.4203,954.687,488.48984,247.9408,327.34158,124.79554,216.32962,139.34315,107.698456
-MpLAIls3c9Zt-aRzUug.-MpLAPDSOhSb9nepHRRt.-MpLQnOpSe1ij4suMpf2,-1.8585963,3.2621353,-14.200562,1.7263423,15.926904,-1.886320948600769,3.7785988,0.20032907,785.7418564571052,-2754.7781729151807,723.9761,1878.3116,2085.9346,935.59906,1031.387,754.7783,637.8261,332.20795,385.2942,116.70057
-LqAlBMdW0SudzsLML2z.-LqAlFESFzQexx-7wZi5.-Muu9bV5FnxsbsXclgzN,-0.47121218,2.2407014,-3.933137,3.8879547,7.8210917,0.2512798607349396,-0.95710325,0.2616771,711.0092659581022,-522.8513087232908,207.91592,1542.0098,233.3696,452.90665,344.9348,325.85583,121.72943,269.89462,104.21979,39.592163
-MRP-aHJb_XGvDZx8a_Q.-MRP-hiqdScey9kS97Ud.-MRP034ZZGd4r91CeFSg,0.6636194,1.1003486,-1.3358063,2.9672267,4.303033,0.44463980197906494,-0.98404527,0.07511106,665.1505040291775,700.5841674804688,449.35837,261.0811,540.6128,223.9036,88.31616,156.1446,84.16079,115.33322,60.39905,19.53976
-MeZDgFZsmMwhQV1Uq2Q.-MeZEUhY5YaLf6IbWF7M.-MeZEkoxoZgOyi73GMWX,-0.37874144,2.4296663,-6.752366,5.2411885,11.993555,-0.26114487648010254,0.6212616,0.13693486,-12.802989772975215,-789.474365234375,1734.8364,917.2671,1283.724,1179.6697,1926.8386,1127.6277,626.75854,145.13025,103.615616,303.1881
-LjVNF11pOp5nOvINxrS.-LjVNZ8Q8Nrw3cL1TRG7.-LpbmaHvhUveLMKGfaIS,-1.2755928,4.4764943,-10.561645,11.283703,21.845348,0.137393519282341,-0.35516024,1.4619124,1426.67256672114,-1697.2723388671875,2104.6174,1904.073,2190.8342,532.2667,1372.055,742.0945,700.9562,620.6679,789.6044,374.42685
-Lx_Z_2VKK2Gi80-rbiy.-Lx_ZdV7PzCy3C3Q9zVf.-Lx_ZizSF5jE61c-ARSA,-0.26422775,1.6055105,-4.437658,2.8076925,7.2453504,-0.44446051120758057,0.16781783,0.08176124,1277.0638371226808,-388.5376892089844,413.22763,1040.4973,855.0959,635.13306,541.1488,177.43457,120.334724,172.70659,53.32263,77.46426
-M-EcflhxTluQI3uygcN.-M-EcnorU5h2mkOg2Tu1.-M-Egc3zMcTwQZi38IAN,-1.7748089,3.6282167,-12.433957,7.025181,19.459137,-0.3784569501876831,0.7423878,0.38922453,1937.5519377550825,-7230.33154296875,2610.537,3392.3774,5317.319,3195.2512,3996.4495,2503.4568,3266.5408,2972.2407,1513.7754,1081.5428
-LeuS5h2wK5wNyGoBToE.-N3TG6gfqTYnqxmDp9xI.-N3TGB7f7bHFZ4GaY4rv,-2.3055737,4.0752416,-10.417939,2.713984,13.131924,-0.49175825715065,-1.0844642,0.25074583,599.9566027322883,-1738.697265625,1960.5138,791.20557,252.31474,394.59262,145.28905,81.49159,51.46671,56.714973,80.93253,133.31303
-LhZBIzaYFG60s-JvvfX.-LhZBsU5j78ednY_5V2q.-LnWPLHJxV-RQesvh-Xk,-0.5248547,1.9920819,-6.973271,2.5751076,9.548378,-0.8013523817062378,0.4080596,0.11821532,1487.807110534809,-1335.3676069180171,177.90126,413.31174,1329.3376,678.37,2027.7738,2119.794,762.5874,452.04492,518.887,544.3647
-Leujocx_cjh-Ci6MrBu.-NLUo7sNx6hp4uSLWSwI.-NZZmivXoEX2C7jtcQbs,1.7710571,2.6182184,-3.9061878,8.946958,12.853146,0.5405601859092712,0.95137286,0.1868105,653.1047310797017,2367.5556640625,208.40059,1068.7177,1655.4432,1367.9797,269.512,182.59312,317.21933,98.07323,267.25635,57.594803
-LeGC3EwPfb82NnUGMCl.-M9N9tvEz5XJvKf9pBur.-MQq7c3WmC9_RflzmaQL,0.8583261,3.938281,-6.9313498,7.2598166,14.191166,-0.26803621649742126,-0.86791325,0.11485815,1744.0799147910636,1642.9130859375,852.83826,1351.6434,4806.0303,662.7431,1413.1244,218.87242,361.50558,267.55716,240.22957,122.09736
-MzEGIBJLhT6OZUVQr1j.-MzEGLTYlrYzhRUL-vCm.-N7K8KGz7p9Ef1SNSGAm,2.0957074,1.6158744,-1.8237411,4.6379457,6.4616866,-0.6915214657783508,-0.31330395,0.09004736,742.2783244156915,2586.0329272349677,308.72357,882.19775,263.14322,908.7235,360.349,190.15068,101.16207,29.562704,95.45201,152.4458
-Ll0PgwJ482RpHKPZiP3.-MUrcCjUEtwQ-lVQPcJs.-MVVFIQvTODxSV9-xk5R,1.6817262,4.62409,-10.022322,12.032527,22.054848,-0.039199214428663254,0.41194916,0.2952981,2919.7964173861933,6619.963779682915,4664.298,4081.4617,5962.8926,7811.1006,2743.73,3783.9077,431.1148,1599.5233,495.78284,1326.0127
-NeMreqmG_AJT3wdYmIR.-NeMrl1wnG9vXRJZgzVd.-NgT7tGTZfFJKEy3095M,2.484372,2.0537112,-0.7441935,7.390919,8.135113,0.4146934151649475,-0.77529955,0.1439321,530.462577425257,3029.6072383324304,918.5793,352.7867,1349.9796,491.94672,211.28479,154.73967,83.38144,66.85555,35.531292,110.32197
-MHunbEkYUi-r5N8CMtJ.-MHundutcOBd_l85BWuz.-MHuninVDlqEs-HDCjV4,-0.480688,1.1881913,-2.4094408,2.0474946,4.4569354,0.5686394572257996,-0.73435545,0.19936101,271.01262661973556,-271.5012020294865,120.406425,382.64987,170.2764,135.73238,50.77149,63.142864,73.15975,50.769047,1.4998118,7.8976073
-LuX9kwmV6pnBd40J7DJ.-LuX9pRPFAsi475WiqOL.-Ng3ZT1J43zMa2swJhXe,-0.43605426,1.8862355,-3.6392622,2.7678416,6.4071035,-0.00964646227657795,-1.1318562,0.19768769,530.3382175710142,-409.8665466308594,691.23413,858.7605,191.83438,385.6835,263.0935,233.86676,173.6203,86.60525,87.58474,62.479187
-LilnSmSyM-6usWD64ZZ.-LilnfIIotZ2luAuWpsh.-N1bdfY-6bco3qLX8XMm,0.43461686,1.9455895,-5.227929,4.385394,9.613323,-0.5047909021377563,0.549386,0.10240674,870.0862741392752,950.403076171875,606.0498,732.113,1702.3269,394.53635,1671.9109,740.241,1104.6622,366.90134,472.94644,132.16913
-MYi7zRYMQ0Kilz5luEH.-MYi81LZbNwySbneLNcl.-MtgJjwqrrYLaXLYyqhy,4.5166593,4.2274194,-5.1810336,11.580496,16.76153,-0.5321514010429382,-0.60022473,0.2446096,784.6877460877175,6356.956408341725,466.978,2702.057,1937.2574,1337.5664,1737.5383,891.9592,422.47467,533.13556,114.93629,278.81973
-Lilua2XE74Z18rgZNVN.-Liluj98v9mvUJFCihVY.-Lrmj1DxhGvFp0_bxrIm,-0.6989369,0.62509954,-2.1345499,0.60036767,2.7349176,-0.2791845202445984,-0.51316714,0.074050665,371.0966673948792,-426.4192810058594,118.07548,47.202858,185.00032,138.78749,28.685488,25.81222,21.936968,12.639982,9.687087,15.947087
-Lt47WbLeFz0Frdnf7qM.-Lt47aFOlKM6fxX6e0QG.-Lt49YUY3AzHGsgqn5s4,0.207463,0.92120975,-1.8440264,2.021814,3.8658404,-0.08756306767463684,-0.48337364,0.043834507,361.819805005908,284.75046037385863,476.0868,266.38882,631.04895,113.27231,256.68488,59.501644,98.4225,33.511414,11.340318,20.134544
-LfT9PcuzeyBN4p2B5D_.-LfT9ZUhyem8y37kNU5a.-Liv_299wS2IXT-xHjy7,-3.703731,5.9597344,-20.358824,9.046055,29.404879,-0.5342716574668884,-0.011421442,0.57144547,892.0563673073842,-8632.886673291525,5659.7026,1134.9248,5136.2397,2653.49,1904.5461,2949.7961,1997.5297,1903.3624,761.85516,978.81354
-N2L5E4vNd0BYiMZcEJi.-NIfh_Ob_t0pd19CVbTP.-NM2xL7exAOgRs17z6Hb,1.6693898,2.3008897,-1.4892595,6.4959927,7.9852524,0.4283154308795929,-1.0864382,0.20779026,354.8312900025014,787.8355266576012,699.7886,87.14686,240.36671,81.63028,137.90579,83.49161,13.919556,17.420734,26.311249,5.286348
-N8XiKc09fUsptA2VdR6.-NGL5iEpQz8FIMgIX0Bc.-NGL5n7f8Kow45imFhqM,4.2157774,1.062379,2.4740825,6.1568165,3.682734,0.40150517225265503,-1.095864,0.12555099,341.3971972036742,3086.498779296875,307.68597,233.98633,234.34811,234.12787,107.71624,62.924797,91.51366,93.848015,76.24578,29.146105
-MX_tivv7eIFmiM5It8l.-MX_trj6iIQj0BMhXUII.-MiuSYSqOQKiFV2BZEVY,0.16479982,0.80128396,-1.3994347,1.4443784,2.843813,-0.33815839886665344,-0.95473194,0.051528275,277.7083357941171,112.56151301786304,240.51468,227.20525,154.38986,68.77452,82.76307,57.47045,34.072247,13.408499,11.748246,9.964934
-NEj6Z6XLlqZXunb7hug.-NIWXp4BwumtgHBib9t8.-NJdzfSiAtst1_DdEJ0e,3.9151428,1.4320549,1.5779153,7.009181,5.431266,0.3877137303352356,-0.80944467,0.092778444,406.1788023081651,2996.4765625,410.2551,44.62613,581.17255,258.0746,42.907284,125.013176,64.81823,20.516829,54.15788,20.25763
-Lc_K07gzsiwqI1dL3CL.-Lc_KIGKUnmB5qEtXzfL.-Lc_KXBemybyYkX4lnqQ,1.0967746,2.6664085,-4.3773084,5.987935,10.365244,-0.43686994910240173,-0.6789775,0.12509894,417.83196455689466,899.8546752929688,1178.8662,799.21326,350.14072,356.3452,124.303276,223.73853,122.82511,85.50996,8.054412,63.399494
-MHV02e1E_IyU-SnFFcB.-MHV41ZfXu89QkQkwOCr.-MieMSndS1xmkcEDjAgT,1.224945,0.6416864,0.4097731,2.9252505,2.5154774,1.1026450395584106,0.40561295,0.044313848,306.3643985363938,945.5567626953125,217.21465,131.44925,158.46599,153.79836,56.292362,62.039776,33.49526,18.710703,17.561878,11.482076
-Moh5mqOGpsYy_5lzQFG.-Mpur5cab91I7PCUGxts.-MtgifFUeU5uwlYcBy93,5.250734,5.796492,-6.053124,14.571556,20.62468,-0.2793850004673004,-1.0089842,0.53007364,396.05458631278407,2899.2665594418845,889.29535,1906.5109,740.3868,251.94337,76.84789,209.64842,154.10515,170.9059,94.50576,47.15682
-N8XlvoaVKfwIEwWLYRN.-N8Y6L55izlUOMyW8kts.-N8Y6OaFZLe3b01YpYfx,1.4954824,5.017417,-8.078198,14.319036,22.397234,-0.04749702289700508,-0.8916962,0.50286865,1366.6077495235857,3117.963329990705,2713.4119,2130.226,5447.527,2246.1206,1743.2177,1246.6726,642.0035,966.1098,581.2119,436.72583
-NEoX3wJiMriuCjjkclk.-NEoX83SpF7gl53ydRHc.-NEoXBSRyfGL-RQ1F6-B,1.3084606,5.3760467,-4.6345816,17.43147,22.066051,1.4772263765335083,1.8190947,0.5030916,222.5480171270466,846.7646059989929,1386.3865,324.14218,1628.8461,1005.1639,348.23843,337.51947,168.63731,148.67688,96.7365,8.977283
-MLHXDQ2BX7xY0GEal8T.-MLHXluRZevq2K-wq4OH.-Nh66vPLHZwo1ER1tCq_,1.6363274,2.2131853,-1.688076,8.109487,9.797563,1.2415882349014282,1.2819314,0.15272567,405.8034978101715,1563.876953125,448.8577,694.95374,985.2768,645.5529,326.64102,151.86076,36.40247,48.307632,142.26607,37.47719
-MuAqx45uCQkH_vnztE4.-MuAr52pwpQ2YYaU0Yju.-Mv3RoV_cME7k3XSSUJL,0.11681954,1.5436789,-3.5723712,4.5097566,8.082128,0.017104728147387505,-0.0004928112,0.13877296,-1473.3298995053467,199.9537811279297,833.3221,470.00302,933.99713,472.56848,706.38214,821.1521,165.74341,293.78665,214.81061,152.7
-LsVlMLffp0SgAp0tEX8.-LsVpvvNc5iRCKfLMuPm.-M7gEBGvzzUiN4i511U9,0.8036482,3.3187788,-5.3363953,7.546015,12.88241,0.2873033583164215,-0.84563375,0.122811556,1582.8118866415289,1924.445582787196,1487.6696,2457.238,2936.83,3057.2485,1699.39,863.0125,511.12915,902.95624,145.34637,217.34496
-MWchlaMp-AJCv935ab9.-MWcfippSpguEMyCqeGP.-MWcg0POhcDKfC5Pvin1,-0.46092397,3.0709615,-6.931521,6.0027995,12.93432,0.12412859499454498,-0.2922616,0.09294608,3194.9803905104573,-842.2238159179688,3112.6326,683.9461,1994.3939,275.53397,898.54645,321.6745,329.66202,235.28178,391.43585,278.6709
-NPqFy9cI4rDMT66REMi.-NPqG-0La9ITjiJODj4c.-NPqGZbYo-sLZNOckLvu,0.25706726,2.476428,-5.1664104,5.6642513,10.830662,-0.3804475963115692,-0.5179224,0.47585434,231.88314521159904,151.83419799804688,512.926,260.593,432.5153,606.7525,133.77858,55.341026,80.850845,70.54593,170.2779,82.02081
-MlnIP2MnRnwcDcF4aK1.-MlnIWs5WnvJ7-xZxHDk.-MlnXsXtroHfjy8dCuRx,0.45770288,0.62285817,-1.1569006,1.3671677,2.5240684,-0.9663621187210083,0.36700106,0.042355955,525.1138809349753,343.1800042912364,231.85219,61.295208,181.48938,80.38135,89.950294,39.182415,23.982372,29.971563,12.246183,14.6083975
-MAVIb1YwkXazvPc7FGm.-MAVJ_GLejTMHDxfVaDA.-MAVK2UPcOp4qhu9f7z-,-0.010084828,2.9624183,-10.1782875,3.7604873,13.938775,-1.4698104858398438,1.7265005,0.4368552,8556.33222529596,-2.6623233159383126,828.54126,1089.9562,1849.7173,579.51666,792.2478,601.7357,357.05728,221.9528,219.36801,92.19292
-LzGdLjUoEBVPOJZmMeH.-MBYRn9P30gsSt4P7zsd.-MLC1KasW9mORL8zdwFd,3.2851012,0.9055411,1.597387,5.1075935,3.5102067,0.23759426176548004,-0.9843588,0.08185673,440.99945849845926,2728.794820268949,228.89328,136.27438,305.58496,290.1979,143.94943,87.61852,16.268967,59.196037,30.88046,8.016622
-Liq_w4K5UDKsni46WKd.-MIJ9YxhIJhizHAqd-nT.-MKJIvXTbGqYOuQ4XnOK,-0.021275233,0.9145038,-2.8659747,1.5241514,4.390126,-1.3544760942459106,1.6443043,0.20292366,-1108.6848446281476,-23.320350646972656,42.32672,331.42944,60.762245,362.62753,186.94109,295.37228,89.36361,226.91455,159.66653,50.83355
-MlncCIzfvXlSdE6UGOX.-MlncJ6aZgLuy5QVF6mv.-NevhRh1JGTZ70e1WQMe,1.3134238,3.9589765,-8.184271,8.111264,16.295536,-0.6864385008811951,-0.12694788,0.4046316,474.9905003408327,1686.7024915615718,963.4987,2465.887,1999.1444,1105.5957,369.32394,367.97498,291.42407,277.916,166.91335,179.15001
-Li7Gw53VbA92RZ3ABZB.-Nm5hope-VcGgYiWl0FY.-Nm5hzxDgwlc1omUgL0f,-1.0183916,0.58197415,-2.084256,0.11239575,2.1966517,0.018517713993787766,-1.1142137,0.077644974,411.3596419342674,-714.44091796875,193.2423,32.731087,177.75612,96.69063,45.259884,32.651398,15.486582,17.331776,6.953096,3.679993
-MKEVPKI_s5QWY24u5JN.-MKEX5-IBHQoN3hccn_6.-MKEXRLuNxiC6Jn31hHB,-0.85813403,1.1821827,-3.9020045,0.83246773,4.7344723,-0.9489021897315979,0.50241923,0.073170185,399.68391756344107,-610.5709736148516,455.7824,89.78825,334.5467,155.10413,61.90571,1.2188637,32.59652,3.9740217,18.038496,12.993425
-MVLAZZVGNazSaUvY6qv.-MeUIed6c2tC0rdWtf6j.-MeUIlgtr3aCy5_k71i3,-0.9285479,2.2865357,-4.4997463,4.3938127,8.8935585,0.5045537948608398,-0.49773073,0.13538668,924.6925269657268,-1774.514404296875,993.8428,528.27325,2357.5178,818.86865,426.1204,1073.7236,468.12775,318.6618,301.7774,271.79187
-MdLu8BwEwst2DF0VCrm.-MdLuM6GfeQj9l1DY0kt.-Mi0TLMEWUoZBr8t66qP,0.2904409,2.0173447,-2.8119063,4.483402,7.295308,0.1953088492155075,-1.0889814,0.15501392,600.4904766610017,358.87752014398575,266.61285,1196.4999,450.1443,829.2015,521.8258,357.08997,410.22153,83.752014,207.11284,39.537735
-Lhi_hQB4d9hP668bC18.-NJnbybnfglLVaLUOmiV.-NmjRxVt_MGPhEAzndJI,1.392,9.318732,-15.495419,20.708624,36.20404,0.2707679867744446,-0.7152474,0.78293514,1752.1074336186964,3718.347509543101,11783.659,8070.0615,8527.134,3574.981,1664.7784,2392.278,1548.4275,1003.71185,1250.95,217.15262
-LpgOncJ9BA66u5xpFPb.-LpgQJJOwUWkAbwoN8OZ.-LvdWJq_7sRQhuzNlhmS,1.3303673,11.685917,-16.841473,35.483807,52.32528,1.1511058807373047,1.126864,1.1249552,1266.9975083424843,3566.2080078125,3184.6292,9522.237,14938.706,7121.001,8097.008,4415.7905,2364.0764,4394.9565,172.73412,2169.3271
-NH44iQMs9g_9-63iJgm.-NH44xW2DdfHpYlVFOsr.-NH452ctqtZnYIJwR_3r,0.7807553,2.379185,-4.2528157,7.341236,11.594051,0.32942357659339905,-0.549947,0.29413843,1007.8834510509464,1065.9195556640625,354.51523,1452.9084,607.45996,1096.3007,623.03015,514.9373,669.2665,234.69176,260.11987,174.68896
-LceKoJLHb8IoImrI10u.-Lq_T4LSBS-6gUdajamQ.-Lq_TA2Fy3c0Na1s37xV,0.6319419,1.1646692,-1.308781,2.570268,3.8790488,-0.016653839498758316,-1.3257662,0.09535775,156.06101248874643,360.0865015387535,117.45355,446.9203,31.064013,23.130783,34.115738,35.73582,11.080963,16.259146,13.965684,16.3888
-M2rBwBkclfPvglD23Ub.-M2rC3XZbPIbr93D1A3G.-M9XL8_POdfYbDg-GhbX,4.420898,7.535099,-4.4082675,16.815674,21.223942,0.4972759485244751,-1.4922628,0.847178,97.62474809518848,3439.0486748218536,3923.653,1049.6182,62.194927,685.65796,193.68484,73.270386,110.11563,116.98997,147.19075,116.58433
-MTeBF3C-2_g29YeMrzx.-MTeBRqXm-UNovoCB-yi.-MVuUtjCfcuJSCLtl1be,0.84643674,1.9192066,-2.406079,4.7188125,7.1248913,0.16783185303211212,-1.0277922,0.07474542,1225.3560093389085,1844.2093505859375,259.5989,602.13666,1927.111,1859.529,684.38544,643.1328,224.4434,307.67014,171.85577,233.41626
-Lc_d-g4yyU44NLZYjLv.-MJWHNNHax2kwaFP9i63.-NAs2FVNjCA4cwcar0zS,-1.3785789,2.7760062,-8.245843,4.3875203,12.633364,0.0012339850654825568,-0.6768348,0.3296239,1262.3350312315329,-2309.257568359375,1048.2507,844.163,652.00183,1291.4287,1909.0502,1175.8359,1118.5197,175.74933,457.02094,288.7861
-LzGdLjUoEBVPOJZmMeH.-LzGddlZQJa6XEpUGNmu.-LzGdlqUndQTj_u9uPyW,1.277776,3.2745633,-3.1883607,9.375374,12.563734,0.9984868168830872,0.08518362,0.16603136,684.3434223809267,1919.172607421875,2460.918,1996.2245,687.39355,729.2028,543.077,679.19214,286.95444,64.11488,277.21625,189.30634
-Ll6cs_2_PISse2tMbIY.-Ll6d2JxKsxCBH7cEtzy.-LnLtcqtKRz2vT77FMEh,0.7116176,2.0772598,-4.3642197,4.454819,8.819038,-0.4481891691684723,-0.14480805,0.08813536,829.947693932421,1251.5758056640625,1558.7681,901.3398,677.4013,390.20496,1408.8445,482.7153,656.8666,265.20926,166.7401,174.2921
-MvrNkubcd0s4PMRZU6L.-Mx3lTGBalMdb5zHET1V.-MyvWYO8ZHP4Pkil_aMB,1.2642325,1.6034566,-2.605041,4.0256944,6.6307354,-0.18790097534656525,-0.64953613,0.14734194,547.1192091292941,1627.8015140195687,593.2103,204.37485,647.03375,702.9513,620.27985,427.63254,142.72882,313.4667,278.6248,61.585377
-NZdxyWGjSHtVrg8Bx23.-NZdy1dNzS--T4CsuQfn.-NbIzHkBuV2ufSx9rHPa,1.6138403,1.697749,-1.4111612,4.9544473,6.365608,0.24368439614772797,-0.9045198,0.09088147,714.2027360380217,2182.037080458055,1189.2552,248.66762,816.99084,458.77008,395.6672,46.54937,237.20413,64.88534,31.820522,29.117083
-MCBSPoxp9C1N2L2x21G.-MCBSX4dQ_PtI7ks6diO.-MCBSeEaFo9qtztQTKbc,-3.13419,1.5513189,-5.572309,0.31953448,5.8918433,0.23394231498241425,-0.75418353,0.088677704,730.0985677198177,-5134.322265625,1177.9147,730.71124,895.61505,331.77148,148.48674,366.2189,294.3828,203.35641,212.52284,104.3626
-LxPzAAXRuoplPdr-PRR.-LxPyKw7jx3j1Fa7bodz.-Ly8FMHrXpxS_9hrFFgY,9.691642,5.0661044,-0.47843072,17.577457,18.055887,-0.32254859805107117,-1.0107268,0.41029882,616.4860568159941,12214.822960217794,1199.9961,1082.1223,3958.7832,63.647316,922.06757,483.95706,277.86508,758.6652,338.5077,359.41016
-NLtqd656bqKV-2fza4G.-NLtqm7pvH9QaQQz2ZHQ.-NLtqtAw2NNlPcat4vCs,2.9665525,2.1540604,-0.56671923,7.640452,8.207171,0.682359516620636,-0.28022814,0.121590614,499.0248628999177,2440.67724609375,524.3357,753.37115,830.2172,74.68467,121.496056,22.447496,114.20139,34.72648,78.38104,18.157694
-MwBVWOXnEhhLD9GPJfg.-MygNOm0-BIrWt2Bl1ub.-MzJnc_DMbAFr6x4jVNb,-1.9123396,1.5843445,-4.9012723,2.7093902,7.6106625,0.5991356372833252,0.649632,0.27896678,493.58671059022345,-1691.1133161534865,120.391495,518.3994,617.8864,351.59125,266.75256,203.8404,102.20702,167.72946,107.155426,53.989906
-Lpb4l4JaXOMbKBkV1QN.-Lpb5-zaezaBKm5FZCiW.-LulXwQr_phk0d6uIEcu,-1.202387,2.7652495,-5.589273,6.1384706,11.727743,0.8923385739326477,0.0022501945,0.34947228,1876.3253917922768,-2691.025390625,1407.4474,1513.8552,3016.6536,1217.0548,660.4531,124.63772,1307.1719,755.1628,427.02835,980.5124
-MDTmoLERDe_ShRyv5-Q.-MDTnqntOcKcKiqBwtC1.-MDToPxxY3lXn-5qUhKz,0.93588984,3.0573013,-5.194581,7.998976,13.193558,0.347154438495636,-0.342124,0.10875738,465.0070634769639,1715.860595703125,464.84903,665.77893,2435.054,2842.614,163.49539,734.56793,262.11737,447.47226,68.41902,255.58492
-LcfARU6yMZ2m2s6CoLf.-LcfAbCowbrOLyP30POn.-LoU18uXUsNAQ03snruY,-2.8490906,5.9682884,-11.782708,12.738711,24.52142,0.7718212604522705,-0.005566597,0.16557193,3311.65877075563,-10455.958030069867,7717.5684,11254.672,4100.6304,1292.8032,3996.579,2419.0505,1928.7258,1381.9462,1763.6056,1325.8921
-M-yPq4VrkfBRRIQn71T.-M-yPyaztnTVeyEmUHNr.-M-yRCW2H3J7cOwOF1sR,1.8223051,3.5892994,-3.2396574,13.836669,17.076326,0.9086453914642334,0.38268113,0.44426918,891.8857937977399,3757.745849609375,813.5411,851.4542,3159.5789,3115.7463,1302.107,962.3225,839.62665,1196.1102,490.1148,191.01091
-LeLiaV_6NrLdFlMbLi_.-LeLiiv6COUB6rvloOYx.-LnHV7jZhRZ_qpDENs3W,-0.34563535,0.99535596,-2.3227785,1.6464491,3.9692276,0.06595815718173981,-0.8945687,0.08100304,1125.2906201576923,-647.82373046875,531.79517,456.2204,30.79942,813.5098,450.47037,70.867455,424.25208,82.21313,226.47246,195.14508
-LqFtigfNxKdOAKfEw1V.-LqFtqM-8rDvc_4lFwkq.-MMogAxVLnBdvk93UOGv,-1.7729706,3.358586,-7.6717196,10.388666,18.060387,0.5645250082015991,0.31908655,0.63007784,447.0305153376722,-2537.8673276901245,2778.5208,89.62025,1594.7466,616.0463,103.26359,315.00073,246.11552,470.63416,332.8129,274.63214
-M77E9GmMP_x69tZBC53.-M77FOIJh4okcvlA-yMP.-M89ZG_94DQcWvtjko5s,2.6666806,0.880508,1.5395483,4.9608693,3.421321,0.8546612858772278,0.018564701,0.070412636,385.51305127196196,2194.7504209478698,182.25009,339.6056,213.93217,234.2389,22.591118,44.65808,76.855576,15.8184,36.383816,19.403091
-LilnSmSyM-6usWD64ZZ.-LilnfIIotZ2luAuWpsh.-NZAD_egjUQW42Kud9N8,0.7151632,1.865892,-3.0452673,4.2297025,7.27497,-0.290865421295166,-0.53169155,0.114038646,823.0550605595283,1209.2572630445163,916.30115,244.69354,1709.9664,17.54976,899.0119,277.53607,362.63522,90.00255,257.88138,55.686905
-LjL053LDwz53ECJceWS.-Lo-r9zciba06Hi4D04j.-MmHzaoOP7nMC1SYr_IG,0.54883724,1.3291916,-2.598336,2.6410968,5.239433,-0.5530959963798523,-0.6176653,0.07831836,477.4149836299556,652.1782004100581,795.6675,138.86841,401.13718,460.12616,217.32608,377.55103,94.438225,130.7125,22.403294,32.76963
-LkSxgdWu3mrv0klTuuT.-LkSxq8ao9-5yLS9f5xw.-LwRzjtSUtO3Kb0F0GSc,-0.46718898,1.6163362,-3.1083934,4.0769634,7.185357,0.7926063537597656,0.38512468,0.17563176,235.55598008165012,-178.61374918868145,309.95358,166.51952,199.46387,102.73177,117.65493,21.530375,26.216743,10.712135,16.644997,13.614087
-LnRUo67yQGOfr1rPlTl.-LnRV1KUjTGqgvA7Sow7.-M6Ywh6nz5Qr7h50NTAP,0.0084874015,1.4738762,-3.1207316,3.4630895,6.5838213,0.2513647973537445,-0.3933661,0.09225598,40387.73744432674,23.28505794269343,382.5045,1118.6312,1277.0297,1356.5695,1236.6381,573.617,244.55453,877.8515,352.09393,381.56592
-MKEgzovhlwqVlTlDq6v.-MKEhvutDuLG3qgzRBKs.-MKEideCx8EJLWGliAuX,7.9177065,4.926269,-1.837936,15.881506,17.719442,-0.35821521282196045,-1.0018128,0.22938967,483.83215173992033,8107.753191391627,1759.4049,2472.9114,1566.6864,504.55508,665.33514,257.96875,396.52774,289.63647,197.56958,80.34711
-NGpOzLifMjWDisormtf.-NV3Ov5y8p2sB27z094x.-NdZJv1UlcXNPEmfnYWY,-0.47994626,1.8081269,-3.5019727,3.1490736,6.6510463,0.17127858102321625,-1.2247561,0.22977024,630.3234316030237,-720.7537841796875,484.8994,568.2911,266.30597,1340.6251,600.10596,316.13196,461.76022,483.02267,470.10516,292.65527
-LhKVtvaBGb1puFWOmgR.-LhKW39s7wkxN44JF0MW.-Lu1vzmlY418aDyLo9BE,1.204655,2.2454028,-3.4835775,5.407952,8.891529,-0.04420054703950882,-0.94204545,0.08860712,735.8675041511237,2225.690546338757,1679.8405,758.3325,1297.446,1695.3359,381.23843,548.63763,138.33789,318.55283,189.37297,126.49906
-N-N35t5o3RwK-XqnZhN.-N-N3AzTqDkRJB35hCMt.-N-N3FS5xnY-s39yIu_-,4.5637593,4.297367,-1.1695175,15.668044,16.837563,1.1532294750213623,0.38355565,0.7255671,1146.058485439159,8231.410685837269,3981.451,1787.4421,2085.8315,849.4191,1212.5978,345.70374,850.8476,636.23596,393.71683,713.961
-MnUyzYtLD3AMeiieTx4.-MnUzVImGGnUlKG-RNHE.-MrRN9ktpC3cSGy-zEA7,-0.019564744,0.42666024,-0.7597672,0.71845174,1.4782189,0.05452847480773926,-1.2900711,0.04331018,768.9485647622773,-8.876167744398117,138.63042,23.121649,12.372687,14.699586,22.327263,19.834791,25.709375,6.6372714,12.422894,3.656302
-MZRqkKGx6CZllvdMAjs.-MZRqmsczNqUk4DCLkJp.-M_tgftIMUts-M2rVAud,3.9846506,1.7636989,0.47362766,7.0149536,6.541326,-0.19549046456813812,-0.8934667,0.10097504,551.5320742139849,4250.773574113846,860.16754,560.00104,675.59814,395.5665,159.2533,181.21553,117.76946,81.55676,107.04878,51.611416
-MCkDtWL0R0OW2mO25Wh.-MPmqt2DeYth7WEKSKIM.-MdVvhPbj8UTcreT-NoQ,-0.30020037,1.1664022,-2.1694894,2.6419785,4.811468,0.6904509663581848,-0.09914446,0.06315941,1370.859610841915,-416.8775132894516,618.6942,76.96558,830.2486,222.12544,254.1215,318.11658,124.39454,34.126015,19.927402,21.263824
-LhA7iwTeQapDTyS-SYT.-LhA7u7fdAzf-Ce6-nAO.-LrhKN_i602vUcFbnazn,-1.0139012,3.065362,-8.383933,4.345755,12.729689,-0.15921235084533691,-0.8252232,0.08029413,1627.0448553159893,-3300.4656879901886,4489.649,2744.5134,3778.7327,1218.6729,1032.6201,603.76184,1454.9053,363.84442,918.75287,223.57861
-NjlG-hhVfMXMtjlyBM5.-NjlG6Rpe0YHNyOZ4daN.-NjlGGos01GYdA4ChRb9,0.6234139,1.0408392,-1.9982253,3.141175,5.1394005,-0.4448666572570801,0.038499117,0.07757765,721.3980871800236,806.9493408203125,306.53772,352.9663,637.46326,172.67957,280.9646,241.80228,199.41756,55.836197,166.34308,160.12798
-M2gsMSjgBDeZhPiRGCs.-M2gvlsMeunFdl3nlgzR.-M5zhxqSR0SjFZPtdBtn,0.15157273,4.7865586,-6.3411155,11.305249,17.646364,0.38274136185646057,-0.8014064,0.16340888,5622.71540260055,301.08214218417805,3579.8428,491.0469,5160.5615,1506.3417,1013.25586,604.53125,186.15594,785.17346,478.22153,209.29788
-LjKgGdkHaVkuMmXP8yX.-LjKgXdD6n5H2CeRnnY6.-LlFxznXQlkZhwJx21SA,1.3637114,1.815895,-2.1550372,5.154132,7.309169,0.2751544415950775,-1.1074395,0.0760932,1173.2387528061524,3067.3115234375,1693.863,1450.6726,1100.5594,612.67236,927.1421,393.41605,203.78235,228.82265,478.94366,403.98706
-Lv9hh-a4QVyzCd8GNgW.-Lv9hkjUsctU0WHEm7gD.-LvP5jkCAV_EmXugvRhV,1.4384533,1.4631096,-0.892034,4.9019604,5.7939944,0.708472728729248,-0.4220016,0.06631023,855.4594665199644,2113.958251953125,841.71857,330.94916,1053.6205,570.5045,113.913765,177.18304,77.57255,51.33807,30.763832,80.63978
-LrJ0yu2MQVIC9mmVQU5.-LrJ1-9N8CU-8pcr3S2o.-NbDzgRIrPIAnFz-2ZEs,-0.38409576,1.9609642,-4.632148,4.8034143,9.435562,0.22113136947155,-0.23298693,0.7010635,745.9786189684556,-941.4365234375,1342.9188,828.78406,2317.1218,1150.045,1037.0221,686.16833,512.448,163.56372,227.20567,181.52191
-LnRUo67yQGOfr1rPlTl.-LnRUxW6mWYHxJOj728Y.-M9Xi-AwuWzxkzZ-_6Y0,1.0834612,5.113748,-7.8953357,14.541023,22.43636,0.5947936773300171,-0.36022162,0.73434305,2937.169286841509,3442.014404296875,9097.02,5107.844,2349.7803,2412.3958,2374.9922,1598.0488,304.71152,714.58234,824.15314,224.64
-Mqx8Ysk77qLkwt2-z5c.-Mqx8cYtQyXScNxqin6J.-Mqx8jYFIsf90k6Pt4nt,0.26525438,1.5085492,-2.8779554,3.3558836,6.233839,-0.31669241189956665,-0.66408443,0.4551277,-196.71279977802305,346.5359092950821,641.65106,168.60692,761.3023,648.29144,418.05817,217.38112,328.71906,183.1635,101.866776,144.19403
-MCG3kcUPYzFRZxsa1wV.-MCG2RRLp6z6EUK3FWs-.-MCG2no-vy36SKsVzxTx,1.0989239,2.1551554,-3.0333202,4.3742013,7.4075212,-0.24808081984519958,-1.2508528,0.08585262,601.8752150979739,1905.581298828125,1160.3032,1144.0377,525.58234,1664.2902,490.29922,850.182,325.564,72.07789,50.444195,411.93326
-MT-fuAMSOtqOYpbrBt0.-MT-ivaRbI9JRvYR1-_-.-MV_aqXecDe984wluCY-,5.4026675,1.7083919,3.240611,10.101176,6.860565,0.8735491037368774,0.045968294,0.12311983,445.4272078958468,4802.335067033768,541.4732,783.302,112.20962,188.54126,243.52008,327.0096,116.46826,100.57638,15.197222,71.292305
-MXkZOFtaGi0Oesd-ecm.-MYiEyh2ovPXelBZiom_.-MYiF2OhYwdwE-ZVL6zG,0.51348716,0.8701471,-0.73222,2.4452016,3.1774216,0.5669041872024536,-0.55661416,0.07573831,459.34714404240657,395.18595897157985,214.24559,158.57259,372.8263,48.97253,98.808426,11.750991,40.541412,14.573568,23.174347,12.72276
-MutmRD5QWP1NfuSyUT5.-Muttj-jR22V-k6RKptg.-Muttn4s95lKHljfw2Vu,6.0626807,1.7482041,2.0879676,8.383606,6.295638,-0.7002198696136475,-0.44141722,0.23538494,205.3418010099954,2333.844960729281,252.85179,204.60162,178.6423,272.53958,83.36668,56.28075,62.34139,22.890059,6.729621,4.92172
-LpXXt4qUPxKfFR6w-St.-LpXXxjXMHMbHsUNG3OC.-Lr7yaZM4ytybvptcnl8,0.29605067,1.66804,-4.413988,3.6464136,8.060402,-0.42274752259254456,-0.23017073,0.15517211,1981.7972311297174,487.25825654591125,1115.837,480.19434,410.91147,544.1934,506.2571,519.9231,830.00446,584.6019,168.23845,206.86154
-NH44iQMs9g_9-63iJgm.-NH44xW2DdfHpYlVFOsr.-NPWRWLRx5flYK9ucBWQ,0.5157919,1.9992894,-5.2517557,4.4968405,9.748596,-0.5531311631202698,-0.08460903,0.10879052,1080.368200815752,1113.9296875,975.4223,692.06256,1376.2803,267.99634,1692.6862,1102.864,1008.60114,446.76654,586.05493,340.62152
-N5-WXiGRj_zYFF83JBk.-N7Fheo8L0afkSUeY-mz.-N7Fhl1ctI1pLdLF33Bh,0.06808985,2.2948258,-4.8746514,5.542175,10.416826,0.3532242774963379,0.3032155,0.30205745,1246.813141865555,83.68051467215021,333.85132,593.9552,1345.4355,1004.8561,697.6619,156.57193,254.475,148.43024,132.55646,147.46475
-LpgHNP8uWIJuwB74dfp.-LpgHRFa4OU641lreJC1.-LpgHiy5FNPGCV5nDuXq,-1.6170692,1.0426197,-4.018178,0.00424343,4.0224214,-0.6763027906417847,-0.5339081,0.059587955,537.1330700109138,-1617.3343505859375,251.95407,316.78644,399.6483,435.23093,77.23482,104.31565,50.81519,74.08896,35.0335,32.59763
-Lo-wDjPQe8tzw4gGTRW.-Lo-wMOOPlei7uLc-z8S.-Lo-wcaxPmcRqMASJnCf,-0.9658994,1.4235618,-3.6190217,1.0744425,4.6934643,-0.362187922000885,-1.119744,0.04042384,583.7370683003558,-1317.2783203125,1186.2512,409.78964,443.35718,237.19841,104.745514,135.80865,148.85066,77.8916,54.489555,32.22326
-MDTmoLERDe_ShRyv5-Q.-MDTnkzPE-P-IPyrNe5d.-MDTpA7YdA6ksr1WIM5K,-0.31344122,2.3610845,-4.962704,3.292419,8.255123,-0.3713303506374359,-0.9623742,0.061451484,2007.5147185914623,-873.8975830078125,2305.617,2345.569,2759.5815,1447.6663,232.91948,741.41864,549.47784,275.5779,261.34457,396.26993
-NZdxyWGjSHtVrg8Bx23.-NZdy1dNzS--T4CsuQfn.-NbxASjoIFgTdGVOeW9K,0.66523224,1.9475936,-2.7929802,5.8022966,8.595277,0.3969663083553314,-0.32200098,0.13459203,958.5481685445351,729.60986328125,761.6173,449.90524,1042.4059,337.73135,458.72452,199.68694,126.02209,60.550667,55.69378,33.792828
-Liq_w4K5UDKsni46WKd.-MIJ9YxhIJhizHAqd-nT.-MIJ9jMNuJlxM4rn3RYa,-0.207974,0.837359,-1.8603013,1.4877657,3.3480668,-0.08722266554832458,-0.97325706,0.09100363,375.2298770172041,-164.5792062251518,316.0005,112.59389,289.2384,62.499584,58.78844,11.408711,92.95514,53.49311,23.593285,36.548214
-Lc_d-g4yyU44NLZYjLv.-Lc_dR6iUjsYfyL3NJc5.-LvKm1mKRZpcvqy3AzDH,1.3279427,0.7882882,-0.41706148,3.3260126,3.7430742,0.20760641992092133,0.021078348,0.061860144,601.5384905428127,1607.2381591796875,25.519516,346.664,37.590828,430.27048,249.35907,148.38832,105.24464,115.201385,74.9462,75.53304
-MlncCIzfvXlSdE6UGOX.-MlncJ6aZgLuy5QVF6mv.-Mo2oTD0Ng-kFs4BJegj,3.8567293,2.3272665,-0.63288635,7.2457657,7.878652,-0.4103522300720215,-1.1288215,0.12768197,576.7967478908307,4294.832538932562,1410.6196,466.37585,506.06052,834.5974,147.21384,167.21866,270.20184,116.726,154.38087,130.32877
-Li7gtLWrhFzshc2oF9G.-LiqS48Na50VKUqbtNng.-LjUd1Pb3FVqdatEocVt,-0.9139113,2.873741,-6.973892,3.096518,10.07041,-0.673477053642273,-0.6542442,0.10323559,1025.7863147715416,-1049.5583892265956,1217.2333,1780.0931,851.9918,201.82507,243.10052,116.94282,90.837326,98.13586,54.74091,28.242426
-LeGC3EwPfb82NnUGMCl.-M9N9tvEz5XJvKf9pBur.-MA5iE7y0buxbuqHDphN,-2.0705178,8.515333,-14.004016,16.761234,30.765251,0.8475928902626038,-0.37219167,0.8730329,820.0651266385912,-3052.490451614062,5631.254,5133.6455,2890.1833,1870.4592,2234.7217,1184.8032,813.3328,875.4788,504.4888,498.4451
-MsEbiGjx7SGAQ4x_uhj.-MsEbuovMjA99Z_1HoRL.-MyCEn60q1Ux88X1fRnP,-0.501063,2.747776,-5.167711,6.211522,11.379232,0.23902854323387146,-0.6917753,0.24735814,756.6509115346286,-1393.9922594030697,522.37335,604.16003,4329.2466,2629.7363,372.68182,558.5764,463.2603,335.56354,729.0831,564.39374
-Lpb4l4JaXOMbKBkV1QN.-Lpb5-zaezaBKm5FZCiW.-M5zwLKrTRbLfvpYwTjL,2.4327922,1.6475767,-1.263555,5.557862,6.821417,0.10975933820009232,-0.22513652,0.1667988,371.66093645439554,1707.5169677734375,427.38162,442.27225,341.64066,312.5107,87.666435,244.03352,56.415276,40.605354,36.82206,36.983753
-M2gsMSjgBDeZhPiRGCs.-M2gvlsMeunFdl3nlgzR.-MN7fHAlgTAxaJu5cFGa,2.8595414,3.3201096,-1.5008398,11.936036,13.436876,1.3299208879470825,0.7979233,0.18980932,960.4442182435878,5135.1770222137375,2996.7053,1872.4829,1782.0154,507.6791,1169.5588,146.31917,391.09763,264.92426,309.88895,17.76992
-LhFWo4psMxNltfNkt3V.-LhFWuDai6yRoxydHy4g.-LsLLSWVCi6B1z3il-f6,0.41353416,1.488825,-2.7406013,4.945775,7.6863766,0.8649622201919556,1.625936,0.08749378,1384.443227845849,642.6085116743731,1179.1683,200.538,650.27966,374.0059,699.64923,180.14815,240.24013,151.79634,169.55579,187.1233
-LhKVtvaBGb1puFWOmgR.-LhKW39s7wkxN44JF0MW.-MNb_UQ4OQJuWN7HKfRu,2.8005052,4.0193,-3.5562084,11.061886,14.618094,0.2691281735897064,-1.0301323,0.09820211,1019.192153427141,7774.73193359375,5620.1577,2124.911,3194.6985,2076.491,2420.296,1069.9417,237.45265,658.95575,1432.5714,1036.7446
-NZz-yrFJIgMkrvvyU7k.-NZz054n-xFyIqrXJoiy.-N_Dj5oqoWurbVkllh4N,-1.6487144,2.177582,-6.3092847,3.552464,9.861749,0.3091452121734619,0.5644436,0.10887116,536.3893511488312,-1839.3060302734375,673.58826,1275.8406,713.1543,554.68646,57.84716,95.0016,23.61171,138.99712,110.204994,48.575268
-NgSkuH-Z83tAu_BdqfE.-NgSl0a77ZcLbIq-IdAw.-NgSmcAoFiJPLyhTCFzB,0.5468194,0.91376936,-1.4403564,2.1747878,3.6151443,-0.10589392483234406,-0.8394718,0.07226643,481.8130625736388,513.2405483896533,372.4046,176.94382,264.3445,315.33853,59.799644,40.108788,98.776375,79.49189,64.189384,15.709411
-M23LNtRRjvSdNAtBXw_.-M23LcUphqrfh5KQ94Pg.-M23Nn5RfJUvqt4PBAJf,-2.1578333,3.775059,-11.337988,5.6229696,16.960957,-0.10093540698289871,-0.08477092,0.3719902,818.771286338227,-3958.441101014614,1694.0508,2443.3865,3145.2622,1148.6095,1659.7747,454.91345,157.05844,621.2173,291.30432,48.25065
-LkStkgOz4aCQplRjDVI.-LkSu-v9GyFDvJPWbbAu.-LvjQY43uj5tmCAw-hHj,-0.440503,1.1441097,-2.26111,2.3037472,4.5648575,0.6301693916320801,-0.5180154,0.06934473,339.1572672704921,-561.455810546875,744.5371,372.05936,433.10345,152.20612,283.29037,147.80048,132.12276,153.7481,107.377846,57.108044
-NWl0jWJFTZ10mK2RPVt.-NWl0qiTmLgUOAwJbfny.-NWl7t_R7z7c0LAmtGU9,0.73868614,2.070408,-4.311858,4.808992,9.12085,-0.3308323621749878,-0.07966161,0.076218665,1402.4025216947061,1363.51611328125,1494.601,377.7787,1879.4211,927.7376,418.20142,402.04846,248.85568,117.16409,188.38535,27.575785
-Mpu5yCb1WZyswg2eF4e.-Mpu6TNW3n26b23UYkK5.-MrR6QV4LcgFu2OASpdt,-0.3960796,0.35617027,-1.2113881,0.60920596,1.8205941,0.549906313419342,0.9302206,0.076544344,337.7865875662933,-240.54492845386267,58.90518,66.92123,111.11923,20.515417,1.533589,32.535797,18.669992,14.972587,11.935676,13.044648
-LjL053LDwz53ECJceWS.-Lo-r9zciba06Hi4D04j.-MNSndMNT_5_hqlXTCcc,-0.7784327,1.1029658,-2.4415636,1.8939192,4.3354826,0.6202718615531921,-0.472023,0.10599991,87.22623999771979,-428.8474686791499,334.6503,179.95908,120.58875,111.96985,96.23199,22.155725,17.960714,28.105886,15.757546,15.359228
-LhFWo4psMxNltfNkt3V.-LhFWuDai6yRoxydHy4g.-LrmGlAPqR0tbyUdKLyo,-0.8098906,0.7949767,-2.3693602,0.85269773,3.2220578,0.15797735750675201,-0.7122793,0.041734517,866.7438094835305,-1570.8585836390655,534.84924,210.30891,604.30054,329.09015,479.1735,269.69916,105.68361,146.19577,62.459835,122.7001
-LiRv59cby4dDJ4r2Pt8.-LiRvJW2y2opdZ5s36FC.-M-hzvJiITDn4riUVmwp,-1.1996005,1.686259,-5.13136,1.802085,6.933445,-0.04007798433303833,-0.6490214,0.079879224,539.1550241199319,-1881.646946589152,1351.3983,294.5309,1017.66345,535.8342,322.60928,101.05732,219.16689,224.64157,84.57652,61.876015
-LceKoJLHb8IoImrI10u.-Lq_T4LSBS-6gUdajamQ.-LsuOaBQRXJ3Y0_f_CTu,1.0868361,0.7609196,-0.7430455,2.369468,3.1125135,-0.534357488155365,-0.41997457,0.055876255,370.88908429046796,901.3719482421875,192.78935,184.88206,309.72165,164.50693,42.892937,20.236773,24.923767,34.75789,17.771227,9.829279
-LkhD4LN2hsDNHxAXJgy.-LkhDHiu-l5d44rt2UJp.-LkhDbcVZb31EJojfAHj,-0.13189347,0.47112277,-0.99916387,0.5631214,1.5622852,-0.502774715423584,-1.162235,0.057892106,388.74778314410867,-42.463523864746094,102.30913,24.644598,13.506427,2.5066435,5.132841,10.863072,9.455501,2.4259498,3.3878715,3.186623
-Mi_w1gto2BtGo1yFXa_.-Mi_wVTIy6LAxxjzRhOb.-Mi_wavff4rxyxcP3XnM,3.130949,1.5972782,-0.84063816,6.2841296,7.124768,-0.4126545786857605,-0.25578332,0.062956184,758.28715727405,4474.44287109375,1091.8805,620.6218,666.7395,579.34656,285.17163,239.51534,229.0785,203.51862,64.421196,65.08406
-LoP7_n5ROEawdOTAeDN.-LoP7y1mZ9A1bOMfEnJ1.-MdQuWXSn-t75zoABTx4,-1.6782908,1.6519959,-6.737515,0.31132442,7.0488396,-1.1761462688446045,0.888021,0.13416529,721.0224048909145,-2257.1003303825855,649.0252,762.861,1015.0011,419.44916,195.19608,208.5396,39.429993,309.65106,196.17455,110.057495
-N12ztQ1CjdoxS8yF7au.-N1IiknvHn91byFbDwyO.-N53xIAi8xbmXdtRqdYj,2.3266199,2.0536773,-1.5386167,6.113415,7.6520314,-0.014388461597263813,-0.9817755,0.18792582,809.3403015985989,3458.490966796875,588.2002,1399.4082,631.73444,233.46735,1186.2112,306.88293,324.241,222.3419,375.4365,186.7333
-MpAnRz-p_1u1zHKeCf9.-MpAng5mLDd6JPQVWhCU.-MtN8o4sEHsyaIsCJQEz,-0.80098,2.0251446,-2.957317,6.4179673,9.375284,1.5537296533584595,2.1817865,0.20071417,51.129839311816866,-627.8326416015625,810.66626,575.571,172.08209,117.03918,362.54913,186.44765,161.6757,97.612785,82.273026,73.4144
-Lilua2XE74Z18rgZNVN.-Liluj98v9mvUJFCihVY.-LuCgozZc39_JUB9jds-,-0.8964861,0.740134,-3.0309575,0.50134563,3.532303,-0.9951175451278687,1.0604725,0.082822084,344.59495170788296,-508.5362114906311,193.48206,162.33366,114.842354,87.36044,15.14204,41.645287,31.606817,27.929785,14.439199,9.4086685
-LrIRVq3IK3HG10yEBuK.-LrISdQltvo9B1C3m_ci.-M923ETBu0kCqehzwTP0,-4.436173,2.8128982,-10.052074,0.52228665,10.574361,-0.28703001141548157,-1.0080639,0.14119637,355.81171368381064,-3940.974609375,1506.9778,238.64641,396.8026,198.88266,569.96484,375.47745,326.971,32.736183,59.89572,7.4305735
-LiMfnjpZAneTtCKR2v-.-LkYF607-0igwXk8JKJx.-LkYFQLLnaTRXZIABaa1,-2.575367,1.876412,-6.723363,0.6084362,7.331799,-0.5115712285041809,-0.6309254,0.06884682,852.4339832510531,-4143.2509765625,1219.9053,799.309,932.4814,1161.6298,95.051926,129.2264,107.46047,214.65723,175.55986,187.99353
-LiRv59cby4dDJ4r2Pt8.-LiRvJW2y2opdZ5s36FC.-LwIZjaPWfqHlBk-6KMn,0.8132694,2.2977395,-4.113238,5.5460205,9.659258,0.05878410488367081,-0.5760915,0.1620926,297.421103055075,1210.2097469568253,1495.3903,832.4613,1185.2266,776.10944,569.821,448.58844,320.27975,458.41483,54.6667,127.599045
-LimCEPj4cm8u6UaR3tY.-Lq5kl7IDH9h8Q9cfZx7.-Mr1l36M1Xq_w7aJXrP5,-0.022269728,0.4328426,-0.68362266,0.9854068,1.6690295,0.14950503408908844,-0.85415363,0.04471194,566.8777979314364,-18.031332050760586,106.531166,64.81719,173.14641,107.773705,45.500343,31.593065,25.722012,20.066978,8.356504,5.195792
-NJErXKLwkd1nbg1WAvd.-NJErcSu-bZzgcub_6av.-NaGY_u9m0Tg92THYpqk,0.8901177,1.9613119,-3.719309,4.9352837,8.6545925,-0.1585962474346161,0.05902338,0.12950075,969.8200928009542,1860.4833659430344,870.05115,613.64716,1271.5685,1038.7189,1576.2495,1091.2533,599.5772,517.7054,275.51825,275.25003
-LwSkFLpVhoo06-eXQDi.-LwSkL_RSsEd90yQouee.-MLC79mxoRKc8mkUzSgY,1.0521363,1.7430921,-0.8334624,7.8867946,8.720257,2.0651333332061768,4.71331,0.33262563,345.3328329286369,849.641357421875,303.74066,370.89774,136.06001,608.2332,364.35837,392.5422,123.16843,161.60934,169.10956,73.800995
-LfT9PcuzeyBN4p2B5D_.-LfT9ZUhyem8y37kNU5a.-MBcnw-k3smtIGqY0vMZ,6.0512,4.809469,-3.7943113,16.787495,20.581806,0.15555764734745026,-0.33724642,0.5819392,564.0980740366073,8353.3154296875,2624.7654,1221.1208,2902.3093,232.3721,1261.7557,1251.9668,586.5786,307.69876,566.4187,460.61658
-LrT9vjWuzEgjD6FlMrs.-MwzoWCQEr3hdVDoxl8b.-MwzoYynWf8GJCrMJzor,1.227069,1.2205268,-0.23634842,4.5458417,4.7821903,1.4174283742904663,1.2851167,0.09278774,935.5071798673918,2047.982177734375,736.3964,576.3209,785.53296,306.0765,394.62247,387.04755,90.72788,262.8536,198.39058,63.464066
-LrEOj4rqH7ZBpA0UNkj.-LrEOytkjv0CyFTCOSXH.-Lt-__oxF4Cv34jTLD8Y,-0.0045651356,1.7886089,-2.5302563,7.8742614,10.404518,1.4378178119659424,3.3796954,1.1592386,-34593.26718292393,-7.205506344636282,512.5075,498.67563,177.15802,269.79138,486.27502,146.92392,247.7919,165.80452,68.75347,84.176315
-MiKp70IIeH4P6x4vdgG.-MwVc9vsb8rpprItTkOs.-N17xxSLBnobRiQVCSHw,0.2855396,3.4023612,-3.9981427,11.059913,15.058056,1.69990074634552,2.310835,0.93882275,148.09952644800475,34.62205012639364,259.54337,146.2559,210.7389,72.27429,65.13178,16.560568,29.78329,19.893646,13.3682995,6.4402947
-Lt47WbLeFz0Frdnf7qM.-Lt47aFOlKM6fxX6e0QG.-MA5t0DLwiSuEdpyUvp8,-0.42639694,1.2188015,-2.763229,2.785112,5.548341,0.5536462664604187,0.2934792,0.087361455,316.07878246027224,-407.4280700683594,340.5798,580.5082,205.36014,389.46307,132.8544,89.08309,71.96708,54.225643,22.84615,27.973314
-Li7Gw53VbA92RZ3ABZB.-NQU1M9H25lI0O4Vd72R.-Nm5fs2e1eShe30HABEa,3.2184083,2.8981662,-2.703614,8.931484,11.635098,-0.11730720847845078,-0.81124616,0.1456685,785.0795197949161,3622.8065009713173,1614.4138,502.85464,1291.9663,457.35327,477.72983,346.87827,395.56415,163.23808,119.914856,118.33768
-LhZ7r-p4msytop_Vgt9.-LhZ8BI0riAuNBl6dbPn.-LuHHuqVQyOW35__bUYZ,-1.4570564,3.039517,-7.427836,4.4169407,11.844776,-0.028148308396339417,-0.8094704,0.12862156,629.5358795196111,-1873.65673828125,797.0237,453.68317,2360.543,877.86487,638.9326,207.72789,136.13765,34.822998,62.11602,85.77446
-N4RG48iBIzVT6ueJT45.-N4RG8oDFXQHKf1qGVaK.-N4RGIxbUORW0A491BkD,1.4058411,1.3791562,-2.0286503,3.702823,5.731473,-0.7313820123672485,-0.19754434,0.0861298,1178.1864848164466,2785.906982421875,322.76956,497.7314,1182.659,775.6138,288.6494,879.2342,344.1681,387.95016,92.85921,96.667694
-LuX9kwmV6pnBd40J7DJ.-LuX9pRPFAsi475WiqOL.-MYOZpbNIgVTkwk_BJQo,-0.5991141,0.97062093,-2.441716,1.2322272,3.673943,0.0694177895784378,-1.0555036,0.0737223,337.74544550816927,-452.7144775390625,342.74744,126.23123,323.36838,19.887589,96.69202,130.5195,44.850857,38.104507,4.3935037,18.5537
-NhBED-g-u9qLNqDRW5I.-NhBEKM13r3i-35vcz6Y.-Nj71knAznF6APJorjKy,3.4128034,8.095892,-3.3641136,39.126965,42.491077,2.986212730407715,8.592428,0.88624763,481.33719255130217,8100.671019713084,4846.907,6279.839,5812.6797,5050.784,4415.506,3989.4756,2915.1484,2738.6238,2146.0366,1770.3081
-Li7Gw53VbA92RZ3ABZB.-Li7HAzKrOiI0a1m1y0I.-NTwMMY1GyFcpkefvX0h,-0.44579202,3.0748572,-4.5529947,6.411579,10.964574,0.7093085050582886,-0.48948264,0.30248535,480.3069805193731,-306.6170424123605,863.3859,455.02277,948.7221,491.6795,291.89798,95.8193,100.95548,127.91771,26.422905,10.459572
-LhtgDx5KeVU6cU3K9Dh.-LzfdBx2b-FaN5Ij9lGf.-M-scKCvGhpLmIruJJjr,-2.5906098,2.206905,-7.518659,1.6120859,9.130745,-0.2319384068250656,-0.7438648,0.12624288,1239.7437609673234,-6165.619501670201,1698.196,521.2637,1053.2891,2127.0037,975.0783,1520.6743,728.60425,674.4792,381.25366,131.05756
-Li78_-q6o1fQuak5tjs.-Li792Lr928udbQJoVff.-MoIBwYa0dMdoc5I7Jhh,0.6479568,2.6341114,-6.024332,5.1128163,11.137148,-0.26812678575515747,-0.108418465,0.26351762,833.5865683755292,659.5440797507763,694.3448,1100.6671,1175.7682,291.14462,438.19577,267.4024,262.6452,163.24684,118.35292,120.53316
-NHTSIH6WGEuYYUbVYA2.-NHTSRVS7egqeBUpedyd.-NLPmfd3Sl6-evZrBDNz,0.8533166,0.9841367,-0.9388798,2.792545,3.7314248,0.17441441118717194,-0.9397907,0.08099204,485.8924435945598,827.01318359375,243.37708,215.7217,481.2226,229.68239,211.28583,119.95091,18.7313,54.054363,14.697917,22.595865
-LeLWB-dy351dCB87ylW.-LeLWXTFsi6ThQOgC5vm.-LhF5cerNtaZZH19ymLM,-0.034454335,2.1954677,-4.9560394,4.34556,9.3015995,-0.014454556629061699,-0.67194915,0.11456631,-4300.665754438986,-80.34880065917969,108.57574,1176.725,1553.5015,2061.6094,1903.0084,727.38824,1253.8568,555.4904,39.03021,158.97423
-MutxIuxjnQ6kYnfwVUB.-MutxS3VJclgmPwregnL.-N139mHbDvnqUB7oWPva,1.2122394,2.4213555,-2.9846184,6.879564,9.864182,0.6634910702705383,-0.4067824,0.32091558,571.9623359121865,1608.6068115234375,1479.168,1511.008,151.26768,431.62488,291.1083,224.54863,294.02365,348.83362,198.52284,110.44691
-M__2ibuRzAUzNyrl7Fl.-M__2jw7T8dAPuB2SK1q.-M__2peBLkY920AC951Q,-0.17124291,1.5110956,-2.9471872,3.283883,6.2310705,0.4381679594516754,-0.42261243,0.09131536,-888.1218203556296,-277.9726520180702,926.7758,89.51331,1056.3738,672.0275,584.4726,365.19263,229.39935,167.69643,27.835825,54.786
-Leujocx_cjh-Ci6MrBu.-NLUo7sNx6hp4uSLWSwI.-NQ-6HHv1xoKIDy48blM,0.764752,0.9055735,-1.2402495,3.357507,4.5977564,0.29603156447410583,1.1414232,0.058253765,770.6154793521436,942.0689770275106,469.72128,243.73967,415.88623,256.30127,88.089,254.82677,73.21158,71.23812,81.783165,75.35564
-NR2hnPMHlzSYlFPnE_v.-NR2i5paEAk7H7Kzku97.-NR2iAqpI7SC4LLBmuup,0.82672316,1.543165,-2.1869097,7.129954,9.316864,0.5189749002456665,0.9843321,0.69246006,257.62660823059656,807.6490365465482,552.61,359.10065,497.70175,341.60876,196.68349,173.17975,264.08963,101.29034,146.01303,166.34839
-LjL053LDwz53ECJceWS.-LjL0WQ8L4ws1NV7CsBK.-LjL2nC0wiYbDOQZSksb,3.031376,3.5544403,-3.016275,16.304392,19.320667,1.4403325319290161,2.549986,0.98525834,718.2762028323106,3501.226143757502,2011.585,1427.7782,235.4582,392.3442,465.7779,796.05334,495.64316,609.32996,335.52008,137.65639
-NHTSIH6WGEuYYUbVYA2.-NHTSRVS7egqeBUpedyd.-NN6VzAzS59s2fFNu2oJ,0.746078,1.0171586,-1.1743656,2.3740778,3.5484433,-0.48671090602874756,-0.7900474,0.04975736,317.1303002135514,682.2865600585938,495.6974,280.99225,224.35953,179.58284,112.631676,75.76969,37.760475,5.4231563,23.69776,39.497734
-LhK8IOTmrsPmNrMPCDS.-LhK8OtQ5iKk05YFt0Ly.-LhKFVMUdgoXGLU8VU0m,0.44351253,3.5610118,-4.790153,10.141454,14.931606,0.6906201243400574,-0.09028816,0.22144341,2970.2036916340153,1250.2830346177022,4669.828,2170.5266,820.8412,3120.6426,2035.8508,1608.6704,1423.7474,1383.51,894.9944,686.94904
-MHV02e1E_IyU-SnFFcB.-MHV41ZfXu89QkQkwOCr.-MJ66Vv3ejjnjzBP4Aj-,2.3042367,1.2215332,-0.5556845,4.671336,5.2270207,-0.4276553988456726,0.26767993,0.07780635,498.48443055580645,2260.4450862805047,274.58737,400.49377,623.38635,272.64728,28.256462,63.748867,61.551495,28.232513,79.4346,37.95781
-Lih1-8YhTUk-ZydBu9I.-LuX0jxGpudVjXn46epD.-M023UZM0AlzBKDn3HiQ,1.133679,2.5154283,-4.403872,7.467425,11.871297,0.2700229585170746,0.22829556,0.13973665,750.1245120222827,2043.8069095114868,1109.0511,1680.3378,2094.7947,1051.6451,388.455,362.83328,199.47891,89.69598,175.40288,286.30786
-LzGdLjUoEBVPOJZmMeH.-LzGddlZQJa6XEpUGNmu.-MCk4z3JQj18lHXxogmO,2.0087526,1.1084613,-0.43895787,3.8774974,4.3164554,-0.4787174463272095,-0.6920738,0.05815798,670.7565785970825,2901.654313325882,295.2046,855.3772,65.99471,435.02933,237.59027,388.85583,176.84149,78.45945,85.586494,99.48569
-LhtgDx5KeVU6cU3K9Dh.-LhtgZ-OCWFD-YL8GREj.-Lzfcnc-DOVJHb3GiVsm,-0.8060216,1.3124319,-4.1432543,2.1008594,6.244114,-0.2597619891166687,-0.039319754,0.105466604,396.0041228637993,-1328.1998447179794,825.5485,458.76956,547.07935,476.02963,186.18121,523.6429,374.51852,514.40753,141.70068,144.18486
-MlTakWpGUfKPI0QyGyu.-MlTarsPN1zuvraYiiTs.-MlTayY6dmF2-RMBu6yq,4.713293,6.0893908,-6.7156215,15.9024935,22.618114,-0.2226865589618683,-1.1207373,1.6560488,400.0959487025625,5139.408203125,1768.0671,1911.1682,2164.7202,2180.4648,1546.7427,1077.1909,670.84625,50.98968,481.57935,139.79446
-LcfARU6yMZ2m2s6CoLf.-LkXxPo_lFVLhHSkPeBe.-LkXxhp9G0jGfkXZbOgy,-0.31190854,3.2124734,-5.8317657,6.3820577,12.213823,0.33460548520088196,-1.0592668,0.115471005,-1465.192565635845,-789.8701499700546,1188.6348,3578.0955,3731.426,1255.1844,337.47818,1132.9076,267.1923,374.46487,946.6771,401.5657
-LceKoJLHb8IoImrI10u.-LnCM3vwNpIsMhOoOzDc.-LnCMRHej2f6Zph4u3mF,2.1937182,1.9703174,-2.4618337,8.576589,11.038423,0.6641122698783875,1.0638695,0.08744925,1443.6932679532995,6681.56787109375,1875.0706,1853.372,1252.0482,1887.1431,1243.6884,1171.188,816.50946,838.7462,563.70435,557.8748
-LeFwjQg8H2YmqKWub7l.-LeFwyQRrBy5fhb9uzcX.-LjQ5HdVsBTHzme3epVJ,1.1273527,2.7310534,-2.2960236,9.548164,11.844188,1.8605754375457764,2.546196,0.19889545,432.3299600752083,3176.166385869185,2120.2136,3071.0989,2320.7075,2249.3113,1126.3353,1367.8168,314.03113,614.86383,211.63289,522.0922
-MvrNkubcd0s4PMRZU6L.-NI1TgdEDYAkN8V6xeu8.-NI1TkEhO8dKhpsgnOx0,0.3219005,1.4117843,-3.1180758,3.3324738,6.4505496,-0.45083171129226685,0.0848434,0.19972494,218.00769788131063,245.07586750636497,287.2687,134.28764,511.49182,306.19397,296.1371,48.9266,133.45607,67.113495,50.797646,27.325012
-LvixQ62e-U_YlyqP8cf.-LvixUjMajcixOMvFM5R.-LyTjMxH6vlT1eBO5OpU,0.652139,2.2302644,-3.5883565,5.2590394,8.847396,0.37690460681915283,-0.5857041,0.09116638,189.9608588614937,791.3131026724974,1040.0858,1289.389,654.59503,140.99484,383.70734,398.455,353.80466,119.40959,130.50163,44.58173
-M2884NgPeRfqT9yEIhG.-M288OMwwuD3O033rX6-.-M288nkg25uF3wIx9cZt,0.45906657,2.41328,-4.766636,4.985259,9.751895,0.03907452151179314,-0.6748884,0.2115471,1012.0581933359837,1074.853759765625,1198.6864,630.5597,2603.9119,1748.8495,1275.3119,628.9244,485.4426,934.68677,661.75714,577.96747
-MLCPaVHke5WF47cCC4x.-MLCPgQ3s22FJfFDZztz.-Mw_vUiW6iJXWJEQBuKO,-0.8112612,1.3416928,-4.766144,2.6342258,7.4003696,-0.3728746175765991,0.4294684,0.19246191,1059.9192036877535,-1441.2876293162506,808.0317,650.62317,261.57892,664.9078,200.12456,703.7613,278.36252,384.9479,474.7542,108.88122
-LfT9PcuzeyBN4p2B5D_.-LfT9ZUhyem8y37kNU5a.-M1Q6o_TcbsJH5zPtSFH,2.1776824,4.165654,-4.708735,10.7952795,15.504015,0.2234092503786087,-0.935493,0.35011792,393.1894007788328,2799.6323930422463,2673.5132,1022.9724,1061.2665,1230.759,1598.8755,211.41983,490.25882,322.945,503.96323,258.00262
-LimCEPj4cm8u6UaR3tY.-LimCJq_owsUDVdRu8Y8.-LnHA4Jr9EATszJ8ZDyW,-0.4645413,3.157801,-5.031407,5.4958224,10.527229,0.4037928283214569,-0.98884344,0.10685438,802.1461211122771,-348.5811349948247,1288.3469,915.17126,425.188,83.53887,194.97974,39.216793,33.880592,7.1518264,27.752079,26.423767
-LiMpCaA24H9MjEXOVk0.-LiMpKyjdotKO7FGl0BA.-LiMpcqJf0bCnjPV2pbN,0.5335014,0.78126967,-1.367311,1.7881935,3.1555045,-0.7408040165901184,-0.23192167,0.047745854,673.8656921594755,653.767578125,469.4071,405.59628,240.11324,17.747477,31.540936,12.407816,73.102135,52.986656,29.786518,20.64014
-LjGBIYnULLBckx6_33e.-LjGBSWiBH-PwIJV_e8T.-LrIlAZjB21XGMLfmHLs,-1.4225221,3.531731,-8.683837,5.244969,13.928806,-0.27858999371528625,-0.9092829,0.17037106,2246.204426088865,-3377.869858702024,3416.459,391.59857,3374.2942,2678.6265,1682.802,352.18872,1040.3228,205.4302,210.07233,486.93884
-LoP7_n5ROEawdOTAeDN.-LoP7y1mZ9A1bOMfEnJ1.-LoP89dxNoYRR5WH3nx_,-0.26743367,2.7591252,-9.495496,4.0590343,13.55453,-1.1358100175857544,1.2244782,0.098493695,1668.7216386161847,-1050.497314453125,2463.3591,1247.5646,4375.2495,1551.4314,2125.087,3342.7876,2020.3057,1570.4811,1571.1283,1324.7274
-MYEQzR3ToSh4GRLSIMW.-MYER3l2D2gbCmUtaz6K.-MlsKc7RDHpqDmHYPzG-,0.54814917,1.5146817,-2.778339,3.6986637,6.4770026,-0.4360126554965973,0.122406244,0.12582946,135.5787378046525,462.6475057969801,658.10345,370.55008,402.538,251.6352,47.910088,23.210901,81.71984,55.68955,76.08324,9.236944
-LtYy4Zza7zo46cmS_Q0.-MHGNj3IFRga_iK82gM_.-MJ6qqSKL4OteX8qmYKj,0.93294615,1.4381554,-1.174132,4.050974,5.225106,0.4172733724117279,-0.83999515,0.11589372,497.1841556759165,985.7339644432068,577.615,356.55905,762.055,225.3413,174.99284,124.33096,54.579975,5.7734165,21.86368,49.605766
-Mj8A5WiZkzJQPQZHUxX.-Mj8AAzjkbkV0ltCdFRr.-Mn05AIRKi8cA1NTNYCo,1.3393408,3.7378018,-4.903178,8.973605,13.876783,0.3559096157550812,-0.6965785,0.18783033,429.5787251929422,1289.299935951829,1954.9436,1143.3441,1066.8259,310.29056,100.00026,202.80312,137.16016,61.331635,102.203804,77.000206
-MmMplI_4JJp9lKe_bDe.-MmMppWSH_uBq272VJlE.-MmMq-Jr9ejjIfzQr_1X,-3.1972723,1.6196765,-6.2934837,-0.18034552,6.113138,0.13748355209827423,-0.740988,0.14222527,258.32979056680676,-1627.6572265625,396.2741,70.67906,395.28915,59.942795,96.97061,85.249016,13.654838,34.668526,37.149624,20.240591
-LqAlBMdW0SudzsLML2z.-N2VgCBAuw5_zV_jq91x.-N2VgG1BfhWtaZ6hViMC,-0.15220305,0.28413466,-0.6202604,0.4167553,1.0370157,0.22510844469070435,-1.019468,0.038945273,446.2202888440099,-95.38172144753237,35.312393,89.312744,62.898838,27.654472,25.134789,22.895954,10.192998,9.599751,10.054611,8.774184
-NauLXLNrJ4F1nMMhARw.-NauLbmJwYehgUQGsEvN.-Nc1eMW_0cjeRV2RSVrv,4.2763104,3.6020503,-1.6252097,16.603144,18.228354,1.1150248050689697,1.589664,0.28679323,439.41199568051974,4629.26123046875,2036.6627,587.3693,1439.4795,291.6739,656.1626,304.6175,466.87357,265.55658,177.49391,190.48639
-Lhi_hQB4d9hP668bC18.-Lhi_pFqfsm7Fzt3bPH5.-Mtvb2iaM_uKQTG6n6pG,-1.583676,4.910798,-10.735199,10.033155,20.768354,0.2618880271911621,-0.46837783,0.12809438,1275.3450740816256,-3198.237506046891,2021.2732,2585.219,5701.1343,1126.381,2019.839,320.21826,250.33618,393.32248,84.02442,307.49835
-Li7Gw53VbA92RZ3ABZB.-M-nnzs_CQxmNYcgiTb-.-MvwufuGOj9CAtR9FON_,4.6957374,3.1481318,-0.99887115,12.797195,13.796066,0.5579074025154114,-0.12068391,0.35431576,251.46899556195885,2147.720703125,303.94318,341.34256,762.2929,318.0004,237.37325,266.1819,119.15064,62.74621,73.98844,15.632356
-LimCEPj4cm8u6UaR3tY.-LimCJq_owsUDVdRu8Y8.-NkFADDbryk4eP6JIubh,-0.25491026,1.6142323,-3.0506363,2.7398698,5.7905064,-0.19574470818042755,-1.3508468,0.07997954,576.5600625170188,-272.6195983886719,1070.0927,273.9686,170.68108,348.78256,318.44693,172.57109,83.11456,15.268218,35.956203,34.193184
-MYJenbIhBSGGHhAbwF2.-MYJeqhnsX41qQkFQhti.-MbfAHNmVONeJpbHPABN,1.0485868,4.541729,-6.870627,11.4784355,18.349062,0.4148183763027191,-0.4242878,0.19382802,-120.05938713129424,1722.5836226741474,924.34155,2576.4187,4227.9805,359.66232,813.1758,510.0142,344.21747,783.6368,257.58804,437.20377
-NOJLSbEUK8-kwpgRLMv.-NOJL_OgEmxUqIM6d_Ow.-NWkr6c5Zkt1OB0dmRcb,-0.115908764,2.1125717,-4.152928,3.7575989,7.9105268,-0.414262056350708,-0.98190975,0.22795708,855.2621547706625,-165.8579559326172,415.55444,1362.4169,1309.6749,348.30685,514.926,304.09958,331.7423,274.41818,384.7391,40.530376
-N1HyPmDE0QTEp92yfCF.-N1HyeLZGJ7ggEnhy63n.-N8bf_irmv3MWUqEL0id,-0.14963913,0.73241436,-1.2686124,1.7341534,3.0027657,0.4771779179573059,-0.5954182,0.053969756,1085.6712928170057,-183.52252197265625,126.15549,326.07776,438.674,75.50415,196.81058,155.39938,118.98009,34.152016,56.14173,17.621588
-NKw9Asu7GCLi0GaKhb5.-NKwBAhcudsOZY1xJlvf.-NNumANFCnv2xpia56SF,4.021242,6.2025084,-14.595738,17.656929,32.252666,-0.9012864232063293,0.86923575,0.53689396,1176.2460967648728,9946.26171875,4613.6455,3787.6155,6865.128,3261.045,1602.5161,1117.832,3622.5867,638.9925,1680.173,687.9472
-MYJenbIhBSGGHhAbwF2.-MYJeqhnsX41qQkFQhti.-MYJezDbkl9pa66sIT6a,-0.21083303,4.660189,-7.5983024,8.669961,16.268263,0.12881632149219513,-1.3581793,0.1351974,-4040.9092480599516,-436.68612706661224,1207.8931,699.4775,6399.224,455.42596,1817.3562,521.51984,539.1782,340.4882,131.82924,269.00308
-NHOoZ70QpQM7um_M3XF.-NHOocjuVLo1SklXzyF1.-NM3L7q426SEsorLCzQw,-0.740372,1.7859927,-4.828575,2.6111183,7.4396935,-0.12471875548362732,-0.9654496,0.11751491,705.1554537374119,-882.7515452106794,296.86386,1164.0682,208.2152,356.99506,673.3014,183.07574,265.02472,292.86557,68.59459,58.730164
-LcfARU6yMZ2m2s6CoLf.-LhiLyo332AVoAFcUndg.-LnWaXQnPUQludKuP7_i,-1.0318766,2.0780063,-4.8441405,2.2707374,7.1148777,-0.11310268193483353,-1.0809453,0.07183236,1131.789154372087,-1742.1474609375,648.19586,273.5802,2001.3234,1181.8215,175.9113,252.00659,360.57187,120.3146,98.600555,70.058685
-LnHernN_fpHMmekEDg6.-LrsEMc0TBu1X-ESuAtq.-MorV8-SyG8kRTMPONdb,0.46549377,3.0827076,-6.789208,12.003233,18.79244,0.746375560760498,1.6571684,0.31074667,2254.277527616806,1932.94189453125,3918.4219,3037.2612,2697.9067,3384.7603,3336.608,3345.7544,1160.2479,1685.2825,1573.5656,1292.8553
-NHOoZ70QpQM7um_M3XF.-NHOojxAH2u4qid1oHyr.-NX9Om94OlP0OyTVdyaB,0.14233473,0.67089766,-0.80629593,1.6582556,2.4645514,0.8273637294769287,-0.28373432,0.08250904,-1.061137588903208,104.21125793457031,211.99475,69.95043,160.78961,114.64822,149.84161,73.33313,43.83419,20.218765,10.453002,11.531655
-Lp1z2lWKfAeZDKWwYbw.-Lp1ygsd0pYjRlpdfYQ2.-Lq-z1ARxv-tk_dapzxm,-0.091559224,0.65493137,-1.4819726,1.61713,3.0991025,0.33236292004585266,0.045538187,0.08001815,234.45144486146816,-75.69395446777344,79.74757,72.19266,245.91719,170.03319,107.74852,164.44223,38.249374,18.684616,21.297823,33.1929
-MYi7zRYMQ0Kilz5luEH.-MYi81LZbNwySbneLNcl.-MYi86lzPG3SY1y5B3S_,1.7500461,2.6788282,-2.2103496,8.113315,10.323664,0.7893980741500854,-0.27127934,0.109870404,342.12160276858594,1527.856201171875,793.28186,1219.004,336.3089,594.22003,60.258183,308.69513,82.18241,146.1626,49.790897,113.023056
-LuX9kwmV6pnBd40J7DJ.-LuX9pRPFAsi475WiqOL.-NjgB4b8SzQSQY_X6I8D,-0.9368092,3.1910841,-6.5772924,9.0511,15.628392,0.5043809413909912,-0.3471732,0.4009254,1491.529784481144,-2717.6611328125,1958.385,1177.4313,3931.7065,4168.4004,142.74576,1206.8611,763.76154,988.0101,570.0985,387.06732
-LcZt1V9x2eGUfCCbEC2.-LcZtH7m8FBiB74-Crva.-LhKFv6gjkMsH3h0A5uF,1.5600909,3.0400164,-2.3706076,8.694455,11.0650625,0.3804871439933777,-1.2422047,0.4578445,637.0928296780605,1136.7662548621495,1240.1918,620.24493,540.10895,420.91772,14.674286,151.56393,186.08727,92.50646,36.000984,46.205425
-LoP7_n5ROEawdOTAeDN.-LoP7y1mZ9A1bOMfEnJ1.-MTtjN2Z0At-0_sUPqBM,2.8402293,1.3332632,-0.38791877,5.988616,6.376535,0.18979065120220184,0.849072,0.18108726,602.3688345258673,3354.32763671875,653.54376,519.87415,296.14688,550.35,107.277626,162.99202,219.14871,140.42755,52.992126,45.860405
-MYEQzR3ToSh4GRLSIMW.-MYER3l2D2gbCmUtaz6K.-MtbfpjOH80wNuaVqmOu,1.916202,3.1098177,-1.4989438,16.846327,18.34527,2.0409960746765137,5.059905,0.87807655,482.0968225292685,1626.9979248046875,1090.4503,718.5562,941.22064,303.98148,425.16095,360.35773,303.60297,377.91147,262.69562,234.30853
-LeLWB-dy351dCB87ylW.-LeLXCQXbo8URP4BKSNL.-LeLX_Ksoxn1_MiL2WgJ,-0.6004399,4.5672803,-15.570457,8.209234,23.779692,-1.1848982572555542,1.7926612,0.47939014,3338.853362865807,-1837.5589599609375,2209.7554,3508.2693,3172.519,7075.5645,3278.1255,379.8771,2184.6274,1806.8292,967.22595,880.6311
-LiIGVqcFTTU_qRCRe_m.-LiIH4-Hc5J700NPybJ8.-LoP_jcl0lfenbl4qzrZ,-0.596084,4.7677646,-11.338438,9.3723345,20.710773,-0.034826554358005524,-0.11959863,0.15241492,2225.566402229926,-905.2615966796875,3186.0918,3556.0156,752.1765,1167.6277,758.4569,712.3733,387.11966,242.90282,32.009216,248.34514
-Lj_M3HTF61jKiWsSATd.-LrDDIqn_SvKUqnELg1z.-LsVeOx9E6AfrLDY-4W3,0.93029314,2.8453262,-2.4854972,9.550428,12.035926,1.0988932847976685,0.8985963,0.18511105,1174.1085182444028,1109.5337398350239,1723.5349,1386.6093,250.48549,555.3317,419.4429,368.2152,184.72815,207.53508,57.154568,171.1172
-LeLiaV_6NrLdFlMbLi_.-LiCBvXce-5OzfiYh1Tu.-LiCIQ9x-ZAGU5BtD5YK,0.24143384,0.882416,-1.3462664,2.1049948,3.451261,0.1700231283903122,-0.75614643,0.052701466,532.3809924258549,207.50021362304688,354.6447,20.321331,332.83255,162.13889,22.48871,107.94203,69.64373,26.863749,47.790646,20.449045
-MXBVcEIvN-sNDxnfkvo.-MXBT_QsWdJTmoWlK2Lt.-MdVaJebeRpi6Lgv7hGh,0.11581353,0.81646717,-1.6343325,1.7986524,3.4329848,0.04355273395776749,-0.920496,0.045092493,68.75851664050143,124.50847892959912,422.52728,182.26367,209.98071,156.83829,229.45047,172.58708,80.66326,77.17368,57.740402,22.911793
-N0Zi8FY955-rvKl7bfh.-N0Zj4_M_0BzOO7HDsQp.-N0ZjLFoyZqB486G0BmP,2.5049126,9.715987,-6.3095126,39.374134,45.683647,2.2433741092681885,4.377681,3.8280816,1906.4145316465635,8457.599609375,12267.531,11037.155,9911.384,9517.583,2163.692,4300.258,3921.1553,2398.979,1009.672,653.7566
-NeHf-GvUYrdHiL06Csr.-NeHf7ReRz_rWIlBpXqN.-NeHfGDJt1lbejplNpBx,3.2626312,1.7270911,-1.0218984,6.7874436,7.809342,-0.5249426960945129,-0.13340402,0.12308991,553.8604004407484,3643.261741399765,376.75323,646.23694,971.4009,458.8652,300.7891,101.78468,144.40666,80.95402,60.16646,47.858624
-LkTO1CuQrlaMdFEn_ar.-LkTOAdl4dn0YRMx1iA_.-LkTOQdqBz9OCQChexZV,-0.83815163,2.645215,-5.8004327,7.855502,13.655935,0.7350915670394897,0.6343603,0.52937925,464.03965825406283,-3121.355224609375,992.1539,1991.8934,4673.1733,725.38336,2309.3125,1330.7102,3035.1833,1006.20374,906.3238,441.81366
-Moh5mqOGpsYy_5lzQFG.-Moh5xBnf63CZd_hxNQR.-Mpuor_rOiFHFvD5V20c,5.933348,3.6396737,1.0633785,13.22179,12.158412,0.37755945324897766,-1.1944044,0.23952818,671.8701198281235,6950.201171875,2176.669,1413.4349,1143.3187,729.83636,247.11324,298.4566,400.51562,197.50256,275.45172,61.032803
-MlJCDvnb_LyXnv_6uwo.-MlJCMLG_tvqtd-ytTif.-NqRhpw91uL02pfPngmC,-0.24343576,2.671139,-5.542594,6.2718086,11.814403,-0.12733720242977142,-0.42185783,0.19704986,765.1203164849121,-509.3691143294175,872.8673,734.4177,2949.6753,1809.9326,560.5113,530.83685,1009.83636,669.0257,332.92056,271.20258
-NH44iQMs9g_9-63iJgm.-NH44xW2DdfHpYlVFOsr.-NNk4WYLdZdvEGL5RRQM,0.57330537,2.6388988,-3.7920027,9.577156,13.369159,0.8614125847816467,0.5745721,0.24417543,795.2117352950434,1078.7027270793915,1105.1365,2065.2288,1948.2506,1023.7295,788.81464,585.1235,708.2377,440.87872,239.90334,137.34413
-Lhi_hQB4d9hP668bC18.-NJnbybnfglLVaLUOmiV.-NgwWJRXkA2muUtVxY_z,5.0983515,3.971824,-0.15627559,15.26502,15.421296,0.9074135422706604,-0.10304928,0.32729673,1092.884265850004,9649.177734375,3324.0156,1265.1932,3177.1123,1508.7886,922.04816,1214.2762,319.6261,197.51596,620.7913,236.37129
-LjL053LDwz53ECJceWS.-Lo-r9zciba06Hi4D04j.-MujSQVeOcJe16PYkLEY,3.518241,1.661415,0.4475125,6.7105083,6.2629957,-0.13249275088310242,-0.988014,0.13484645,282.9537561911538,2096.0712890625,439.27625,420.52173,268.03253,112.82544,44.89004,166.84566,39.888447,41.058125,44.59623,28.38
-MrWMcBqkBqlw5NMQFkQ.-MrWMm-bJkLdGSQBRCb6.-N-WqDaQR32R7JOnczbU,2.0766773,1.545361,-1.0508126,4.6008573,5.65167,-0.19339805841445923,-1.1643304,0.079154134,651.100541137088,2495.214599609375,469.12018,844.8152,795.2613,70.04087,243.42804,245.53926,40.895004,41.408577,120.538,73.1413
-Li7Gw53VbA92RZ3ABZB.-N1glgPSQZYOfWaU9QbV.-N54GIt0D-0hBYVbWzBx,-0.5297357,2.91264,-5.328673,6.3644094,11.693083,0.42300841212272644,-0.119781256,0.15080023,862.4183666879878,-556.763916015625,1535.3988,849.7844,824.29144,825.0522,439.45908,61.64236,246.77682,123.94586,132.95393,23.22802
-Lhi_hQB4d9hP668bC18.-NJnbybnfglLVaLUOmiV.-NlNImy_htBOEhbVH5LB,2.8587625,3.0085719,-4.658165,9.358376,14.016541,-0.4294562041759491,-0.18455172,0.49559426,1082.0283693778063,6156.14453125,1704.7401,2848.289,2085.5176,562.404,1795.5646,876.16016,346.9243,694.7783,447.4632,92.18499
-MXfL6xiimGibxc-mHXj.-MXfLJaxihJHWGBGd5Jj.-MXfLdC6o-8o45i2ZpRm,1.7527324,1.8047646,-1.5507982,5.7733707,7.324169,0.3653249442577362,-0.6458821,0.1937859,1020.0288612883176,2838.1337890625,850.10675,38.204613,1174.9379,973.74774,568.9553,385.7254,452.0473,385.91098,230.62907,213.6953
-Ll6cs_2_PISse2tMbIY.-Ll6d2JxKsxCBH7cEtzy.-Lr89PApFOqMYcrLpH62,0.045256615,0.67476404,-1.3319625,1.2315634,2.563526,-0.44547799229621887,-0.7572894,0.07706484,1524.466619334135,32.063236236572266,154.7175,164.84616,197.97446,127.295555,55.022278,61.75018,45.63539,41.639977,36.27091,21.837242
-MqxMJ3lfkYcQvx3vuB6.-MqxMOtop_fRx4yVmH2N.-Mqx_fw-9rSdXVGMNU7c,-1.6670995,2.9085681,-9.217949,2.2802975,11.498246,-0.5365018844604492,-0.75894594,0.52740026,826.1333955255632,-2992.011474609375,2184.5107,2426.5034,1102.6089,859.06006,162.99977,318.4173,223.93866,280.31027,226.34116,256.6553
-LpgOncJ9BA66u5xpFPb.-LpgQJJOwUWkAbwoN8OZ.-LtYcIrsVIW08eSaOlug,0.64497787,2.6598225,-4.36597,15.698665,20.064634,1.2154370546340942,4.624052,2.480392,440.15001176419815,763.9927430550257,769.6195,1063.4907,395.2217,517.46545,620.6188,673.1658,283.31207,764.4731,294.20908,281.6072
-LrrNay2wBPa2vx0qmAa.-LrrOY_sRzPUPkCxTVuZ.-LtUK1FtiqYvQ9peJB5D,1.271075,0.8524576,-0.10941771,3.1149468,3.2243645,0.511979877948761,-0.9284966,0.08501291,510.9596261558294,1280.7691451658804,206.66458,231.10052,260.4894,406.55984,157.30402,70.05052,31.865892,58.817276,27.783813,30.75568
-MDJI3UFwj2pMJWLfOpR.-MDJIAJ9DeXt6BqL2z9c.-MDJINTx3wwKl6dkwt13,3.7555716,2.7600896,0.045391902,11.813297,11.767905,0.675266683101654,-0.09924507,0.15145493,705.6989135090281,4486.93408203125,1232.3657,1154.4832,1024.389,787.0448,804.13184,212.08792,240.61374,359.43414,31.166265,75.94254
-NU_b8dtlGSf-S6i52IZ.-NU_bEQ0-5CCq_ik2e3i.-NU_bWkmSafTscEc0Eel,0.48888287,3.2048492,-8.574247,4.872838,13.447085,-0.8817870020866394,0.48431778,0.61856556,101.76541993596669,491.6494140625,565.1035,1341.2747,739.28296,925.9967,780.12103,485.48315,464.9889,296.04288,364.80835,271.8258
-Lv9hh-a4QVyzCd8GNgW.-Lv9hkjUsctU0WHEm7gD.-Lv9lI_SoMpuOHeTQo15,1.888413,3.3242216,-4.008284,9.179131,13.187414,0.11572035402059555,-0.7650726,0.12717128,840.3889834285642,3100.82958984375,930.0435,1147.3109,2876.597,1231.229,1240.2766,989.813,319.06998,477.4018,177.08835,65.16918
-Lhi_hQB4d9hP668bC18.-Lhi_pFqfsm7Fzt3bPH5.-LhigY5gK8fW92lG1zwx,2.5976574,3.7091165,-3.6167603,12.851303,16.468063,1.0005805492401123,0.3257823,0.1550827,1555.6923684069586,8492.294921875,3704.8833,1997.5245,1067.473,4325.237,5539.044,1018.78143,357.53366,405.20602,302.631,719.2964
-Moh5mqOGpsYy_5lzQFG.-Mt2gAlzCy5YHHCCWWgu.-Mt2gLpnwi1wXSVCZouP,-1.9468504,2.0002453,-6.741174,2.644348,9.385522,0.20747783780097961,0.054940462,0.1241169,606.7722630316613,-2709.18798828125,442.83487,859.4768,1096.8882,1196.4648,149.58366,210.74518,365.95905,258.66013,84.77509,65.93683
-LrNq58s9C4K4AMMHjyZ.-LrNq6xFsPiN8zoWMFtd.-LrNqTUwVEPbzQ5GpRpb,0.2789192,0.27255943,-0.086426355,0.80944026,0.89586663,0.3767390847206116,-1.1091359,0.064627826,198.5386278270688,105.29842376708984,18.663736,41.66619,44.7808,31.442759,0.5026491,5.061553,5.4132233,5.029563,1.7867374,6.5727673
-NJErXKLwkd1nbg1WAvd.-NJErcSu-bZzgcub_6av.-NbOawUwZcDXrSbZtXdt,0.37570292,1.8279406,-3.654886,3.9774425,7.6323285,-0.18250007927417755,-0.68022156,0.07781327,1284.0365784614776,867.1603393554688,553.4325,58.33416,1430.6537,2003.0674,1239.0638,818.81067,280.8148,184.0276,186.30133,277.19397
-LeFwjQg8H2YmqKWub7l.-LeFwyQRrBy5fhb9uzcX.-LlArMPl2h2r9fJfPaPO,-1.1957242,1.9449056,-5.4494615,2.8192096,8.268671,0.2536354064941406,-0.8400285,0.08810827,1438.2791002603599,-3811.4210363427796,520.53876,426.97168,805.64594,2858.867,1597.2728,1160.1299,1859.2589,384.85968,1102.5281,298.43152
-N1IDTNGaJdSPHgxB6Bt.-N1IDmde9b35A24xnhnM.-N2zDFEObqCFYZcKO1V9,3.1120727,5.586912,-8.349096,13.303338,21.652435,-0.17741672694683075,-0.626168,0.30210805,1115.664668522454,5322.509621297319,4840.1606,1271.294,3069.5159,1889.715,1643.1472,1733.5823,671.18823,730.40234,352.028,401.52975
-LeuS5h2wK5wNyGoBToE.-LsppWB_V7rydYhdjYll.-Lz1FJPoSy-AfshezMqh,0.68558073,1.1171205,-1.1803071,3.4608889,4.6411963,0.5634211301803589,-0.35910153,0.23380649,283.2661571677931,464.6097082272172,128.02455,139.82504,361.69565,220.29353,180.59586,147.89095,1.526514,68.597115,77.30182,35.547485
-Li7Gw53VbA92RZ3ABZB.-NQU1M9H25lI0O4Vd72R.-NQU1Q0KqRhNGZDEh8zm,4.129362,6.449872,-9.364408,19.690948,29.055355,0.2913498282432556,0.14590645,1.0799768,699.8096813118153,4110.925282557805,2515.8606,314.4892,2991.3987,1724.6816,378.01016,941.8717,457.37625,286.0749,203.19115,426.99744
-Li78_-q6o1fQuak5tjs.-Li792Lr928udbQJoVff.-Mx8UU5QuVS5_gy4QaBE,-0.15717816,1.931921,-4.57295,4.0728207,8.645771,-0.07435048371553421,-0.18927765,0.23551409,-671.4454432019302,-210.22533701856932,1060.8025,240.94482,1150.1226,327.33813,316.50015,646.7869,234.88103,111.557014,60.57603,146.53676
-M35rpcnqO-CvrquEW4i.-M7lWHNl0Rjf5gnSmFYt.-M7lWanbja9TRlTWXL03,2.8777163,0.9049788,0.8801828,4.7992463,3.9190636,-0.2610098719596863,-0.54000545,0.08576608,413.65592206069346,2491.2184725900493,234.08984,437.4721,122.416664,151.91243,83.87131,22.270018,54.98163,76.98767,31.134336,28.58324
